8
8
1
6
C
non-metaux
4
477.38579449763864 171.9371213391225
343.47876395120466 346.83755661136075
0.0 0.0
47.806686563247105 246.51704996875048
0.0 0.0
267.5956912505256 0.5183846206541745
0.0 0.0
369.47876395120466 363.83755661136075
0.0 0.0
1
1
1
1
false
false
false
false
false
false
false
false
5
1
7
3
8
1
6
C
non-metaux
4
429.38579449763864 171.9371213391225
295.47876395120466 346.83755661136075
0.0 0.0
43.655679366414915 317.23694700310733
0.0 0.0
309.47876395120466 393.83755661136075
0.0 0.0
321.47876395120466 363.83755661136075
0.0 0.0
1
1
1
1
false
false
false
false
false
false
false
false
4
2
6
0
8
1
17
Cl
halogenes
7
370.38579449763864 171.9371213391225
377.38579449763864 129.9371213391225
391.38579449763864 129.9371213391225
360.38579449763864 160.9371213391225
360.38579449763864 146.9371213391225
391.38579449763864 176.9371213391225
377.38579449763864 176.9371213391225
273.47876395120466 363.83755661136075
0.0 0.0
0
0
0
1
true
true
true
true
true
true
false
false
8
8
8
1
8
1
17
Cl
halogenes
7
525.3857944976387 171.9371213391225
532.3857944976387 129.9371213391225
546.3857944976387 129.9371213391225
331.21534778857955 499.3178239474294
380.47876395120466 363.83755661136075
546.3857944976387 176.9371213391225
532.3857944976387 176.9371213391225
563.3857944976387 146.9371213391225
563.3857944976387 160.9371213391225
0
1
0
0
true
true
false
false
true
true
true
true
8
0
8
8
8
1
1
H
non-metaux
1
429.38579449763864 121.93712133912251
392.7331631348419 57.40555055002261
0.0 0.0
0.0 0.0
0.0 0.0
0.0 0.0
0.0 0.0
0.0 0.0
0.0 0.0
0
0
1
0
false
false
false
false
false
false
false
false
8
8
1
8
8
1
1
H
non-metaux
1
477.38579449763864 121.93712133912251
470.78374084732417 55.673393632499895
0.0 0.0
0.0 0.0
0.0 0.0
0.0 0.0
0.0 0.0
0.0 0.0
0.0 0.0
0
0
1
0
false
false
false
false
false
false
false
false
8
8
0
8
8
1
1
H
non-metaux
1
429.38579449763864 221.9371213391225
206.5956912505256 3.5183846206541745
0.0 0.0
0.0 0.0
0.0 0.0
0.0 0.0
0.0 0.0
0.0 0.0
0.0 0.0
1
0
0
0
false
false
false
false
false
false
false
false
1
8
8
8
8
1
1
H
non-metaux
1
477.38579449763864 221.9371213391225
479.38579449763864 179.9371213391225
0.0 0.0
0.0 0.0
0.0 0.0
0.0 0.0
0.0 0.0
0.0 0.0
0.0 0.0
1
0
0
0
false
false
false
false
false
false
false
false
0
8
8
8
End