16
16
1
6
C
non-metaux
4
311.4721036448208 214.69505790806977
312.4721036448208 172.69505790806977
0.0 0.0
352.70426496611816 81.55940217764194
0.0 0.0
326.4721036448208 219.69505790806977
0.0 0.0
338.4721036448208 189.69505790806977
0.0 0.0
1
1
1
1
false
false
false
false
false
false
false
false
15
3
10
4
16
1
6
C
non-metaux
4
165.47210364482078 214.69505790806977
166.47210364482078 172.69505790806977
0.0 0.0
155.47210364482078 203.69505790806977
0.0 0.0
87.38422187009435 162.69667272707727
0.0 0.0
192.47210364482078 189.69505790806977
0.0 0.0
1
1
1
1
false
false
false
false
false
false
false
false
8
6
7
5
16
1
6
C
non-metaux
4
409.4721036448208 214.69505790806977
410.4721036448208 172.69505790806977
0.0 0.0
48.904035598449255 474.9378675149245
0.0 0.0
424.4721036448208 219.69505790806977
0.0 0.0
436.4721036448208 189.69505790806977
0.0 0.0
1
1
1
1
false
false
false
false
false
false
false
false
12
4
9
11
16
1
6
C
non-metaux
4
263.4721036448208 214.69505790806977
264.4721036448208 172.69505790806977
0.0 0.0
218.66479142674802 100.30279234977675
0.0 0.0
278.4721036448208 219.69505790806977
0.0 0.0
290.4721036448208 189.69505790806977
0.0 0.0
1
1
1
1
false
false
false
false
false
false
false
false
14
5
13
0
16
1
8
O
non-metaux
6
359.4721036448208 214.69505790806977
361.4721036448208 172.69505790806977
375.4721036448208 172.69505790806977
291.0010877576346 163.8603327376522
349.4721036448208 189.69505790806977
375.4721036448208 219.69505790806977
361.4721036448208 219.69505790806977
388.4721036448208 189.69505790806977
0.0 0.0
0
1
0
1
true
true
false
false
true
true
false
false
8
0
8
2
16
1
8
O
non-metaux
6
213.47210364482078 214.69505790806977
215.47210364482078 172.69505790806977
229.47210364482078 172.69505790806977
121.15165248870531 333.2550999842399
203.47210364482078 189.69505790806977
229.47210364482078 219.69505790806977
215.47210364482078 219.69505790806977
242.47210364482078 189.69505790806977
0.0 0.0
0
1
0
1
true
true
false
false
true
true
false
false
8
1
8
3
16
1
1
H
non-metaux
1
116.47210364482078 214.69505790806977
145.88487109396831 451.47909213288915
0.0 0.0
0.0 0.0
0.0 0.0
0.0 0.0
0.0 0.0
0.0 0.0
0.0 0.0
0
0
0
1
false
false
false
false
false
false
false
false
8
8
8
1
16
1
1
H
non-metaux
1
165.47210364482078 264.69505790806977
167.47210364482078 222.69505790806977
0.0 0.0
0.0 0.0
0.0 0.0
0.0 0.0
0.0 0.0
0.0 0.0
0.0 0.0
1
0
0
0
false
false
false
false
false
false
false
false
1
8
8
8
16
1
1
H
non-metaux
1
165.47210364482078 164.69505790806977
90.19791282746074 23.68244587024175
0.0 0.0
0.0 0.0
0.0 0.0
0.0 0.0
0.0 0.0
0.0 0.0
0.0 0.0
0
0
1
0
false
false
false
false
false
false
false
false
8
8
1
8
16
1
1
H
non-metaux
1
409.4721036448208 264.69505790806977
76.05876076959531 407.75504199381487
0.0 0.0
0.0 0.0
0.0 0.0
0.0 0.0
0.0 0.0
0.0 0.0
0.0 0.0
1
0
0
0
false
false
false
false
false
false
false
false
2
8
8
8
16
1
1
H
non-metaux
1
311.4721036448208 264.69505790806977
372.7003094377815 354.51023595752616
0.0 0.0
0.0 0.0
0.0 0.0
0.0 0.0
0.0 0.0
0.0 0.0
0.0 0.0
1
0
0
0
false
false
false
false
false
false
false
false
0
8
8
8
16
1
1
H
non-metaux
1
457.4721036448208 214.69505790806977
490.4460371051614 263.73138247502766
0.0 0.0
0.0 0.0
0.0 0.0
0.0 0.0
0.0 0.0
0.0 0.0
0.0 0.0
0
1
0
0
false
false
false
false
false
false
false
false
8
2
8
8
16
1
1
H
non-metaux
1
409.4721036448208 164.69505790806977
480.98658297738285 190.26791148336704
0.0 0.0
0.0 0.0
0.0 0.0
0.0 0.0
0.0 0.0
0.0 0.0
0.0 0.0
0
0
1
0
false
false
false
false
false
false
false
false
8
8
2
8
16
1
1
H
non-metaux
1
263.4721036448208 264.69505790806977
274.85047712290555 377.1613743963616
0.0 0.0
0.0 0.0
0.0 0.0
0.0 0.0
0.0 0.0
0.0 0.0
0.0 0.0
1
0
0
0
false
false
false
false
false
false
false
false
3
8
8
8
16
1
1
H
non-metaux
1
263.4721036448208 164.69505790806977
48.71947066077897 156.38862105418687
0.0 0.0
0.0 0.0
0.0 0.0
0.0 0.0
0.0 0.0
0.0 0.0
0.0 0.0
0
0
1
0
false
false
false
false
false
false
false
false
8
8
3
8
16
1
1
H
non-metaux
1
311.4721036448208 164.69505790806977
400.2901389487376 5.9695656233195535
0.0 0.0
0.0 0.0
0.0 0.0
0.0 0.0
0.0 0.0
0.0 0.0
0.0 0.0
0
0
1
0
false
false
false
false
false
false
false
false
8
8
0
8
End