12
32
1
6
C
non-metaux
4
369.6885097825346 236.76866988609794
207.64951012203176 303.5267287906411
0.0 0.0
127.23472207355121 68.55246853737664
0.0 0.0
221.64951012203176 350.5267287906411
0.0 0.0
233.64951012203178 320.5267287906411
0.0 0.0
1
1
1
1
false
false
false
false
false
false
false
false
9
1
8
2
32
1
6
C
non-metaux
4
321.6885097825346 236.76866988609794
159.64951012203176 303.5267287906411
0.0 0.0
148.64951012203176 334.5267287906411
0.0 0.0
200.34346995882024 149.59470559496543
0.0 0.0
185.64951012203178 320.5267287906411
0.0 0.0
1
1
1
1
false
false
false
false
false
false
false
false
4
5
6
0
32
1
6
C
non-metaux
4
417.6885097825346 236.76866988609794
121.67025959513211 7.3720549493615835
0.0 0.0
320.9143849205748 130.96561275216823
0.0 0.0
269.64951012203176 350.5267287906411
0.0 0.0
281.64951012203176 320.5267287906411
0.0 0.0
1
1
1
1
false
false
false
false
false
false
false
false
11
0
10
3
32
1
8
O
non-metaux
6
465.6885097825346 236.76866988609794
467.6885097825346 194.76866988609794
481.6885097825346 194.76866988609794
400.1745851752705 117.68719895020746
292.64951012203176 320.5267287906411
481.6885097825346 241.76866988609794
467.6885097825346 241.76866988609794
331.64951012203176 320.5267287906411
0.0 0.0
0
1
0
1
true
true
false
false
true
true
false
false
8
2
8
7
32
1
1
H
non-metaux
1
321.6885097825346 186.76866988609794
468.4921933701447 5.347552072175532
0.0 0.0
0.0 0.0
0.0 0.0
0.0 0.0
0.0 0.0
0.0 0.0
0.0 0.0
0
0
1
0
false
false
false
false
false
false
false
false
8
8
1
8
32
1
1
H
non-metaux
1
272.6885097825346 236.76866988609794
469.52279867326735 232.36658014488046
0.0 0.0
0.0 0.0
0.0 0.0
0.0 0.0
0.0 0.0
0.0 0.0
0.0 0.0
0
0
0
1
false
false
false
false
false
false
false
false
8
8
8
1
32
1
1
H
non-metaux
1
321.6885097825346 286.76866988609794
160.64951012203178 353.5267287906411
0.0 0.0
0.0 0.0
0.0 0.0
0.0 0.0
0.0 0.0
0.0 0.0
0.0 0.0
1
0
0
0
false
false
false
false
false
false
false
false
1
8
8
8
32
1
1
H
non-metaux
1
515.6885097825345 236.76866988609794
344.75697448117444 444.4285596099024
0.0 0.0
0.0 0.0
0.0 0.0
0.0 0.0
0.0 0.0
0.0 0.0
0.0 0.0
0
1
0
0
false
false
false
false
false
false
false
false
8
3
8
8
32
1
1
H
non-metaux
1
369.6885097825346 286.76866988609794
511.49668914700555 270.51005918806976
0.0 0.0
0.0 0.0
0.0 0.0
0.0 0.0
0.0 0.0
0.0 0.0
0.0 0.0
1
0
0
0
false
false
false
false
false
false
false
false
0
8
8
8
32
1
1
H
non-metaux
1
369.6885097825346 186.76866988609794
109.22261988902176 168.19953812858571
0.0 0.0
0.0 0.0
0.0 0.0
0.0 0.0
0.0 0.0
0.0 0.0
0.0 0.0
0
0
1
0
false
false
false
false
false
false
false
false
8
8
0
8
32
1
1
H
non-metaux
1
417.6885097825346 286.76866988609794
122.67025959513211 57.37205494936158
0.0 0.0
0.0 0.0
0.0 0.0
0.0 0.0
0.0 0.0
0.0 0.0
0.0 0.0
1
0
0
0
false
false
false
false
false
false
false
false
2
8
8
8
32
1
1
H
non-metaux
1
417.6885097825346 186.76866988609794
419.6885097825346 144.76866988609794
0.0 0.0
0.0 0.0
0.0 0.0
0.0 0.0
0.0 0.0
0.0 0.0
0.0 0.0
0
0
1
0
false
false
false
false
false
false
false
false
8
8
2
8
End