12
49
1
6
C
non-metaux
4
146.56042141242108 309.1492330061119
147.56042141242108 267.1492330061119
0.0 0.0
369.46159983623465 190.32246525564494
0.0 0.0
161.56042141242108 314.1492330061119
0.0 0.0
173.56042141242108 284.1492330061119
0.0 0.0
1
1
1
1
false
false
false
false
false
false
false
false
3
1
9
2
49
1
6
C
non-metaux
4
98.56042141242108 309.1492330061119
99.56042141242108 267.1492330061119
0.0 0.0
88.56042141242108 298.1492330061119
0.0 0.0
381.71493748533425 433.9864497812221
0.0 0.0
125.56042141242106 284.1492330061119
0.0 0.0
1
1
1
1
false
false
false
false
false
false
false
false
8
11
5
0
49
1
6
C
non-metaux
4
194.56042141242108 309.1492330061119
195.56042141242108 267.1492330061119
0.0 0.0
322.3447790928925 41.779609946158565
0.0 0.0
209.56042141242108 314.1492330061119
0.0 0.0
221.56042141242108 284.1492330061119
0.0 0.0
1
1
1
1
false
false
false
false
false
false
false
false
7
0
6
10
49
1
8
O
non-metaux
6
146.56042141242108 259.1492330061119
148.56042141242108 217.1492330061119
162.56042141242108 217.1492330061119
136.56042141242108 248.1492330061119
136.56042141242108 234.1492330061119
125.52267827035149 93.93378176932197
0.0 0.0
175.56042141242108 234.1492330061119
175.56042141242108 248.1492330061119
1
0
1
0
false
false
true
true
false
false
true
true
4
8
0
8
49
1
1
H
non-metaux
1
146.56042141242108 209.1492330061119
222.0396111033132 153.58548440387727
0.0 0.0
0.0 0.0
0.0 0.0
0.0 0.0
0.0 0.0
0.0 0.0
0.0 0.0
0
0
1
0
false
false
false
false
false
false
false
false
8
8
3
8
49
1
1
H
non-metaux
1
98.56042141242108 359.1492330061119
100.56042141242106 317.1492330061119
0.0 0.0
0.0 0.0
0.0 0.0
0.0 0.0
0.0 0.0
0.0 0.0
0.0 0.0
1
0
0
0
false
false
false
false
false
false
false
false
1
8
8
8
49
1
1
H
non-metaux
1
194.56042141242108 359.1492330061119
423.2336765595045 60.68134903890301
0.0 0.0
0.0 0.0
0.0 0.0
0.0 0.0
0.0 0.0
0.0 0.0
0.0 0.0
1
0
0
0
false
false
false
false
false
false
false
false
2
8
8
8
49
1
1
H
non-metaux
1
194.56042141242108 259.1492330061119
294.78183169525397 31.737238001869514
0.0 0.0
0.0 0.0
0.0 0.0
0.0 0.0
0.0 0.0
0.0 0.0
0.0 0.0
0
0
1
0
false
false
false
false
false
false
false
false
8
8
2
8
49
1
1
H
non-metaux
1
98.56042141242108 259.1492330061119
67.64080082081281 195.81596301848882
0.0 0.0
0.0 0.0
0.0 0.0
0.0 0.0
0.0 0.0
0.0 0.0
0.0 0.0
0
0
1
0
false
false
false
false
false
false
false
false
8
8
1
8
49
1
1
H
non-metaux
1
146.56042141242108 359.1492330061119
257.69219463643833 368.16531508909776
0.0 0.0
0.0 0.0
0.0 0.0
0.0 0.0
0.0 0.0
0.0 0.0
0.0 0.0
1
0
0
0
false
false
false
false
false
false
false
false
0
8
8
8
49
1
1
H
non-metaux
1
242.56042141242108 309.1492330061119
469.7357789156668 177.55913911589514
0.0 0.0
0.0 0.0
0.0 0.0
0.0 0.0
0.0 0.0
0.0 0.0
0.0 0.0
0
1
0
0
false
false
false
false
false
false
false
false
8
2
8
8
49
1
1
H
non-metaux
1
49.56042141242108 309.1492330061119
69.63172225176311 66.68366235653058
0.0 0.0
0.0 0.0
0.0 0.0
0.0 0.0
0.0 0.0
0.0 0.0
0.0 0.0
0
0
0
1
false
false
false
false
false
false
false
false
8
8
8
1
End