10
83
1
6
C
non-metaux
4
212.09175449704844 282.43702198311075
213.09175449704844 240.43702198311075
0.0 0.0
202.09175449704844 271.43702198311075
0.0 0.0
227.09175449704844 287.43702198311075
0.0 0.0
356.4094526323511 33.11718025340605
0.0 0.0
1
1
1
1
false
false
false
false
false
false
false
false
5
6
8
2
83
1
6
C
non-metaux
4
308.09175449704844 282.43702198311075
309.09175449704844 240.43702198311075
0.0 0.0
494.09585178455455 129.34910032240532
0.0 0.0
323.09175449704844 287.43702198311075
0.0 0.0
335.09175449704844 257.43702198311075
0.0 0.0
1
1
1
1
false
false
false
false
false
false
false
false
7
2
9
4
83
1
6
C
non-metaux
4
260.09175449704844 282.43702198311075
489.75309704644536 302.68267115147586
0.0 0.0
250.09175449704844 271.43702198311075
0.0 0.0
275.09175449704844 287.43702198311075
0.0 0.0
287.09175449704844 257.43702198311075
0.0 0.0
2
1
0
1
false
false
false
false
false
false
false
false
3
0
8
1
83
1
8
O
non-metaux
6
260.09175449704844 232.43702198311075
262.09175449704844 190.43702198311075
276.09175449704844 190.43702198311075
250.09175449704844 221.43702198311075
250.09175449704844 207.43702198311075
276.09175449704844 237.43702198311075
0.0 0.0
289.09175449704844 207.43702198311075
0.0 0.0
0
0
2
0
true
true
true
true
false
false
false
false
8
8
2
8
83
1
1
H
non-metaux
1
356.09175449704844 282.43702198311075
520.8394631663348 53.67557805263034
0.0 0.0
0.0 0.0
0.0 0.0
0.0 0.0
0.0 0.0
0.0 0.0
0.0 0.0
0
1
0
0
false
false
false
false
false
false
false
false
8
1
8
8
83
1
1
H
non-metaux
1
212.09175449704844 232.43702198311075
334.67408545475024 329.70383884147947
0.0 0.0
0.0 0.0
0.0 0.0
0.0 0.0
0.0 0.0
0.0 0.0
0.0 0.0
0
0
1
0
false
false
false
false
false
false
false
false
8
8
0
8
83
1
1
H
non-metaux
1
163.09175449704844 282.43702198311075
176.93763869180626 334.42117324293343
0.0 0.0
0.0 0.0
0.0 0.0
0.0 0.0
0.0 0.0
0.0 0.0
0.0 0.0
0
0
0
1
false
false
false
false
false
false
false
false
8
8
8
0
83
1
1
H
non-metaux
1
308.09175449704844 232.43702198311075
509.5872728462598 168.19424030387324
0.0 0.0
0.0 0.0
0.0 0.0
0.0 0.0
0.0 0.0
0.0 0.0
0.0 0.0
0
0
1
0
false
false
false
false
false
false
false
false
8
8
1
8
83
1
1
H
non-metaux
1
212.09175449704844 332.43702198311075
93.88852712597955 381.2139292892878
0.0 0.0
0.0 0.0
0.0 0.0
0.0 0.0
0.0 0.0
0.0 0.0
0.0 0.0
1
0
0
0
false
false
false
false
false
false
false
false
0
8
8
8
83
1
1
H
non-metaux
1
308.09175449704844 332.43702198311075
432.40537267622204 452.6618852918877
0.0 0.0
0.0 0.0
0.0 0.0
0.0 0.0
0.0 0.0
0.0 0.0
0.0 0.0
1
0
0
0
false
false
false
false
false
false
false
false
1
8
8
8
End