7
106
1
6
C
non-metaux
4
220.82087736533992 350.9409734471496
221.82087736533992 308.9409734471496
0.0 0.0
139.21123496287498 130.81057650329927
0.0 0.0
235.82087736533992 355.9409734471496
0.0 0.0
247.82087736533995 325.9409734471496
0.0 0.0
2
1
0
1
false
false
false
false
false
false
false
false
3
1
8
4
106
1
6
C
non-metaux
4
172.82087736533992 350.9409734471496
173.82087736533995 308.9409734471496
0.0 0.0
162.82087736533992 339.9409734471496
0.0 0.0
187.82087736533992 355.9409734471496
0.0 0.0
199.82087736533995 325.9409734471496
0.0 0.0
1
1
1
1
false
false
false
false
false
false
false
false
2
6
5
0
106
1
1
H
non-metaux
1
172.82087736533992 300.9409734471496
398.41202974542136 39.034078991966
0.0 0.0
0.0 0.0
0.0 0.0
0.0 0.0
0.0 0.0
0.0 0.0
0.0 0.0
0
0
1
0
false
false
false
false
false
false
false
false
8
8
1
8
106
1
8
O
non-metaux
6
220.82087736533992 300.9409734471496
222.82087736533992 258.9409734471496
236.82087736533992 258.9409734471496
210.82087736533992 289.9409734471496
210.82087736533992 275.9409734471496
499.5342494948016 262.3604095786233
0.0 0.0
249.82087736533992 275.9409734471496
0.0 0.0
0
0
2
0
true
true
true
true
false
false
false
false
8
8
0
8
106
1
17
Cl
halogenes
7
268.8208773653399 350.9409734471496
275.8208773653399 308.9409734471496
289.8208773653399 308.9409734471496
390.21351601013134 387.8187602720786
258.8208773653399 325.9409734471496
289.8208773653399 355.9409734471496
275.8208773653399 355.9409734471496
306.8208773653399 325.9409734471496
306.8208773653399 339.9409734471496
0
1
0
0
true
true
false
false
true
true
true
true
8
0
8
8
106
1
1
H
non-metaux
1
172.82087736533992 400.9409734471496
446.162927492193 120.21092845423715
0.0 0.0
0.0 0.0
0.0 0.0
0.0 0.0
0.0 0.0
0.0 0.0
0.0 0.0
1
0
0
0
false
false
false
false
false
false
false
false
1
8
8
8
106
1
1
H
non-metaux
1
123.82087736533992 350.9409734471496
209.01537984853297 433.17382522139246
0.0 0.0
0.0 0.0
0.0 0.0
0.0 0.0
0.0 0.0
0.0 0.0
0.0 0.0
0
0
0
1
false
false
false
false
false
false
false
false
8
8
8
1
End