13
70
1
6
C
non-metaux
4
228.7376410348342 382.55807992583146
71.31180213064792 71.54537378631271
0.0 0.0
218.7376410348342 371.55807992583146
0.0 0.0
243.7376410348342 387.55807992583146
0.0 0.0
255.7376410348342 357.55807992583146
0.0 0.0
2
1
0
1
false
false
false
false
false
false
false
false
2
1
8
3
70
1
6
C
non-metaux
4
180.7376410348342 382.55807992583146
181.7376410348342 340.55807992583146
0.0 0.0
170.7376410348342 371.55807992583146
0.0 0.0
195.7376410348342 387.55807992583146
0.0 0.0
173.01820204909995 25.07782497810824
0.0 0.0
1
1
1
1
false
false
false
false
false
false
false
false
11
12
7
0
70
1
8
O
non-metaux
6
228.7376410348342 332.55807992583146
230.7376410348342 290.55807992583146
244.7376410348342 290.55807992583146
218.7376410348342 321.55807992583146
218.7376410348342 307.55807992583146
244.7376410348342 337.55807992583146
0.0 0.0
257.7376410348342 307.55807992583146
0.0 0.0
0
0
2
0
true
true
true
true
false
false
false
false
8
8
0
8
70
1
8
O
non-metaux
6
276.7376410348342 382.55807992583146
278.7376410348342 340.55807992583146
292.7376410348342 340.55807992583146
422.4769750821502 404.57811709936675
266.7376410348342 357.55807992583146
292.7376410348342 387.55807992583146
278.7376410348342 387.55807992583146
305.7376410348342 357.55807992583146
0.0 0.0
0
1
0
1
true
true
false
false
true
true
false
false
8
0
8
5
70
1
8
O
non-metaux
6
326.7376410348342 332.55807992583146
328.7376410348342 290.55807992583146
342.7376410348342 290.55807992583146
316.7376410348342 321.55807992583146
316.7376410348342 307.55807992583146
254.55379761657161 70.42934233608244
0.0 0.0
355.7376410348342 307.55807992583146
0.0 0.0
0
0
2
0
true
true
true
true
false
false
false
false
8
8
5
8
70
1
6
C
non-metaux
4
326.7376410348342 382.55807992583146
327.7376410348342 340.55807992583146
0.0 0.0
451.74415039117594 265.6876199053322
0.0 0.0
341.7376410348342 387.55807992583146
0.0 0.0
353.7376410348342 357.55807992583146
0.0 0.0
2
1
0
1
false
false
false
false
false
false
false
false
4
3
8
6
70
1
6
C
non-metaux
4
374.7376410348342 382.55807992583146
375.7376410348342 340.55807992583146
0.0 0.0
244.53431399874415 209.9266756494052
0.0 0.0
389.7376410348342 387.55807992583146
0.0 0.0
401.7376410348342 357.55807992583146
0.0 0.0
1
1
1
1
false
false
false
false
false
false
false
false
9
5
8
10
70
1
1
H
non-metaux
1
180.7376410348342 432.55807992583146
60.75767780931328 139.74561828023602
0.0 0.0
0.0 0.0
0.0 0.0
0.0 0.0
0.0 0.0
0.0 0.0
0.0 0.0
1
0
0
0
false
false
false
false
false
false
false
false
1
8
8
8
70
1
1
H
non-metaux
1
374.7376410348342 432.55807992583146
411.24140298159085 419.0645876412996
0.0 0.0
0.0 0.0
0.0 0.0
0.0 0.0
0.0 0.0
0.0 0.0
0.0 0.0
1
0
0
0
false
false
false
false
false
false
false
false
6
8
8
8
70
1
1
H
non-metaux
1
374.7376410348342 332.55807992583146
493.96066788995853 290.9871016154919
0.0 0.0
0.0 0.0
0.0 0.0
0.0 0.0
0.0 0.0
0.0 0.0
0.0 0.0
0
0
1
0
false
false
false
false
false
false
false
false
8
8
6
8
70
1
1
H
non-metaux
1
422.7376410348342 382.55807992583146
514.5691377828924 373.1673264169653
0.0 0.0
0.0 0.0
0.0 0.0
0.0 0.0
0.0 0.0
0.0 0.0
0.0 0.0
0
1
0
0
false
false
false
false
false
false
false
false
8
6
8
8
70
1
1
H
non-metaux
1
180.7376410348342 332.55807992583146
42.511889717215865 290.77365870635145
0.0 0.0
0.0 0.0
0.0 0.0
0.0 0.0
0.0 0.0
0.0 0.0
0.0 0.0
0
0
1
0
false
false
false
false
false
false
false
false
8
8
1
8
70
1
1
H
non-metaux
1
131.7376410348342 382.55807992583146
169.20079938424476 461.52552175644547
0.0 0.0
0.0 0.0
0.0 0.0
0.0 0.0
0.0 0.0
0.0 0.0
0.0 0.0
0
0
0
1
false
false
false
false
false
false
false
false
8
8
8
1
End