6
93
1
6
C
non-metaux
4
182.56059560849502 226.92076932165378
183.56059560849502 184.92076932165378
0.0 0.0
506.83141850430184 72.68969557966562
0.0 0.0
197.56059560849502 231.92076932165378
0.0 0.0
209.56059560849502 201.92076932165378
0.0 0.0
0
1
0
3
false
false
false
false
false
false
false
false
8
1
8
5
93
1
6
C
non-metaux
4
134.56059560849502 226.92076932165378
135.56059560849502 184.92076932165378
0.0 0.0
124.56059560849502 215.92076932165378
0.0 0.0
167.66817329473224 74.64486227920192
0.0 0.0
161.56059560849502 201.92076932165378
0.0 0.0
1
1
1
1
false
false
false
false
false
false
false
false
3
2
4
0
93
1
1
H
non-metaux
1
85.56059560849502 226.92076932165378
162.41580807945851 378.9206160814549
0.0 0.0
0.0 0.0
0.0 0.0
0.0 0.0
0.0 0.0
0.0 0.0
0.0 0.0
0
0
0
1
false
false
false
false
false
false
false
false
8
8
8
1
93
1
1
H
non-metaux
1
134.56059560849502 176.92076932165378
517.413591770395 268.9662617284012
0.0 0.0
0.0 0.0
0.0 0.0
0.0 0.0
0.0 0.0
0.0 0.0
0.0 0.0
0
0
1
0
false
false
false
false
false
false
false
false
8
8
1
8
93
1
1
H
non-metaux
1
134.56059560849502 276.9207693216538
136.56059560849502 234.92076932165378
0.0 0.0
0.0 0.0
0.0 0.0
0.0 0.0
0.0 0.0
0.0 0.0
0.0 0.0
1
0
0
0
false
false
false
false
false
false
false
false
1
8
8
8
93
1
7
N
non-metaux
5
230.56059560849502 226.92076932165378
232.56059560849502 184.92076932165378
246.56059560849502 184.92076932165378
375.327173775645 266.927569336406
0.0 0.0
246.56059560849502 231.92076932165378
0.0 0.0
259.560595608495 201.92076932165378
0.0 0.0
0
3
0
0
true
true
false
false
false
false
false
false
8
0
8
8
End