7
63
1
6
C
non-metaux
4
345.02904353332207 272.06759538027563
346.02904353332207 230.06759538027563
0.0 0.0
335.02904353332207 261.06759538027563
0.0 0.0
360.02904353332207 277.06759538027563
0.0 0.0
315.36242447439076 90.09690375952715
0.0 0.0
1
1
1
1
false
false
false
false
false
false
false
false
2
3
4
1
63
1
6
C
non-metaux
4
393.02904353332207 272.06759538027563
394.02904353332207 230.06759538027563
0.0 0.0
383.02904353332207 261.06759538027563
0.0 0.0
408.02904353332207 277.06759538027563
0.0 0.0
420.02904353332207 247.06759538027563
0.0 0.0
2
1
0
1
false
false
false
false
false
false
false
false
5
0
8
6
63
1
1
H
non-metaux
1
345.02904353332207 222.06759538027563
215.80447962753647 303.7493667870869
0.0 0.0
0.0 0.0
0.0 0.0
0.0 0.0
0.0 0.0
0.0 0.0
0.0 0.0
0
0
1
0
false
false
false
false
false
false
false
false
8
8
0
8
63
1
1
H
non-metaux
1
296.02904353332207 272.06759538027563
452.3971589708572 61.89317909875189
0.0 0.0
0.0 0.0
0.0 0.0
0.0 0.0
0.0 0.0
0.0 0.0
0.0 0.0
0
0
0
1
false
false
false
false
false
false
false
false
8
8
8
0
63
1
1
H
non-metaux
1
345.02904353332207 322.06759538027563
62.84121260318746 349.1659932570606
0.0 0.0
0.0 0.0
0.0 0.0
0.0 0.0
0.0 0.0
0.0 0.0
0.0 0.0
1
0
0
0
false
false
false
false
false
false
false
false
0
8
8
8
63
1
8
O
non-metaux
6
393.02904353332207 222.06759538027563
395.02904353332207 180.06759538027563
409.02904353332207 180.06759538027563
383.02904353332207 211.06759538027563
383.02904353332207 197.06759538027563
97.51275444742109 55.418467612122186
0.0 0.0
422.02904353332207 197.06759538027563
0.0 0.0
0
0
2
0
true
true
true
true
false
false
false
false
8
8
1
8
63
1
1
H
non-metaux
1
441.02904353332207 272.06759538027563
277.88053039807323 303.83714452778213
0.0 0.0
0.0 0.0
0.0 0.0
0.0 0.0
0.0 0.0
0.0 0.0
0.0 0.0
0
1
0
0
false
false
false
false
false
false
false
false
8
1
8
8
End