8
113
1
6
C
non-metaux
4
219.67651472670025 246.71532632762057
220.67651472670025 204.71532632762057
0.0 0.0
209.67651472670025 235.71532632762057
0.0 0.0
234.67651472670025 251.71532632762057
0.0 0.0
460.8465984608508 127.79642620901046
0.0 0.0
2
1
0
1
false
false
false
false
false
false
false
false
6
5
8
1
113
1
6
C
non-metaux
4
267.67651472670025 246.71532632762057
268.67651472670025 204.71532632762057
0.0 0.0
257.67651472670025 235.71532632762057
0.0 0.0
282.67651472670025 251.71532632762057
0.0 0.0
294.67651472670025 221.71532632762057
0.0 0.0
1
1
1
1
false
false
false
false
false
false
false
false
4
0
3
2
113
1
1
H
non-metaux
1
315.67651472670025 246.71532632762057
356.3050974431564 28.293894234865647
0.0 0.0
0.0 0.0
0.0 0.0
0.0 0.0
0.0 0.0
0.0 0.0
0.0 0.0
0
1
0
0
false
false
false
false
false
false
false
false
8
1
8
8
113
1
1
H
non-metaux
1
267.67651472670025 296.7153263276206
317.2230519805508 466.56545194980174
0.0 0.0
0.0 0.0
0.0 0.0
0.0 0.0
0.0 0.0
0.0 0.0
0.0 0.0
1
0
0
0
false
false
false
false
false
false
false
false
1
8
8
8
113
1
1
H
non-metaux
1
267.67651472670025 196.71532632762057
283.40833909461935 71.67808571195937
0.0 0.0
0.0 0.0
0.0 0.0
0.0 0.0
0.0 0.0
0.0 0.0
0.0 0.0
0
0
1
0
false
false
false
false
false
false
false
false
8
8
1
8
113
1
8
O
non-metaux
6
169.67651472670025 246.71532632762057
171.67651472670025 204.71532632762057
185.67651472670025 204.71532632762057
159.67651472670025 235.71532632762057
159.67651472670025 221.71532632762057
185.67651472670025 251.71532632762057
171.67651472670025 251.71532632762057
463.0436643309331 464.8374593115687
0.0 0.0
0
1
0
1
true
true
false
false
true
true
false
false
8
7
8
0
113
1
8
O
non-metaux
6
219.67651472670025 196.71532632762057
221.67651472670025 154.71532632762057
235.67651472670025 154.71532632762057
209.67651472670025 185.71532632762057
209.67651472670025 171.71532632762057
518.537768243214 422.9227611806816
0.0 0.0
248.67651472670025 171.71532632762057
0.0 0.0
0
0
2
0
true
true
true
true
false
false
false
false
8
8
0
8
113
1
1
H
non-metaux
1
120.67651472670025 246.71532632762057
258.172740619123 396.26779829429984
0.0 0.0
0.0 0.0
0.0 0.0
0.0 0.0
0.0 0.0
0.0 0.0
0.0 0.0
0
0
0
1
false
false
false
false
false
false
false
false
8
8
8
5
End