20
121
1
6
C
non-metaux
4
384.6035863702902 371.49163587081784
385.6035863702902 329.49163587081784
0.0 0.0
201.19920431613957 116.2743941463314
0.0 0.0
399.6035863702902 376.49163587081784
0.0 0.0
411.6035863702902 346.49163587081784
0.0 0.0
2
1
0
1
false
false
false
false
false
false
false
false
14
2
8
15
121
1
6
C
non-metaux
4
240.6035863702902 371.49163587081784
241.6035863702902 329.49163587081784
0.0 0.0
355.73073847990855 292.7756829057556
0.0 0.0
255.6035863702902 376.49163587081784
0.0 0.0
267.6035863702902 346.49163587081784
0.0 0.0
1
1
1
1
false
false
false
false
false
false
false
false
6
4
7
3
121
1
6
C
non-metaux
4
336.6035863702902 371.49163587081784
337.6035863702902 329.49163587081784
0.0 0.0
473.31582015372976 415.1130006004645
0.0 0.0
351.6035863702902 376.49163587081784
0.0 0.0
363.6035863702902 346.49163587081784
0.0 0.0
1
1
1
1
false
false
false
false
false
false
false
false
16
3
18
0
121
1
6
C
non-metaux
4
288.6035863702902 371.49163587081784
289.6035863702902 329.49163587081784
0.0 0.0
263.0597956766146 168.9492097591785
0.0 0.0
303.6035863702902 376.49163587081784
0.0 0.0
315.6035863702902 346.49163587081784
0.0 0.0
1
1
1
1
false
false
false
false
false
false
false
false
19
1
17
2
121
1
6
C
non-metaux
4
192.6035863702902 371.49163587081784
193.6035863702902 329.49163587081784
0.0 0.0
182.6035863702902 360.49163587081784
0.0 0.0
142.59880874119597 511.63352425922426
0.0 0.0
219.6035863702902 346.49163587081784
0.0 0.0
1
1
1
1
false
false
false
false
false
false
false
false
8
5
11
1
121
1
6
C
non-metaux
4
144.6035863702902 371.49163587081784
145.6035863702902 329.49163587081784
0.0 0.0
134.6035863702902 360.49163587081784
0.0 0.0
159.6035863702902 376.49163587081784
0.0 0.0
82.56157038808719 161.6756034825117
0.0 0.0
0
1
2
1
false
false
false
false
false
false
false
false
8
12
13
4
121
1
1
H
non-metaux
1
240.6035863702902 321.49163587081784
267.36178722862246 22.299847818701352
0.0 0.0
0.0 0.0
0.0 0.0
0.0 0.0
0.0 0.0
0.0 0.0
0.0 0.0
0
0
1
0
false
false
false
false
false
false
false
false
8
8
1
8
121
1
1
H
non-metaux
1
240.6035863702902 421.49163587081784
434.71262067400215 34.35239633376308
0.0 0.0
0.0 0.0
0.0 0.0
0.0 0.0
0.0 0.0
0.0 0.0
0.0 0.0
1
0
0
0
false
false
false
false
false
false
false
false
1
8
8
8
121
1
1
H
non-metaux
1
192.6035863702902 321.49163587081784
415.1139816697061 176.74242445884371
0.0 0.0
0.0 0.0
0.0 0.0
0.0 0.0
0.0 0.0
0.0 0.0
0.0 0.0
0
0
1
0
false
false
false
false
false
false
false
false
8
8
4
8
121
1
1
H
non-metaux
1
482.6035863702902 371.49163587081784
410.20193284148 458.33453528726164
0.0 0.0
0.0 0.0
0.0 0.0
0.0 0.0
0.0 0.0
0.0 0.0
0.0 0.0
0
1
0
0
false
false
false
false
false
false
false
false
8
15
8
8
121
1
1
H
non-metaux
1
45.6035863702902 371.49163587081784
216.23596286647762 157.48912522327862
0.0 0.0
0.0 0.0
0.0 0.0
0.0 0.0
0.0 0.0
0.0 0.0
0.0 0.0
0
0
0
1
false
false
false
false
false
false
false
false
8
8
8
12
121
1
1
H
non-metaux
1
192.6035863702902 421.49163587081784
194.6035863702902 379.49163587081784
0.0 0.0
0.0 0.0
0.0 0.0
0.0 0.0
0.0 0.0
0.0 0.0
0.0 0.0
1
0
0
0
false
false
false
false
false
false
false
false
4
8
8
8
121
1
8
O
non-metaux
6
94.6035863702902 371.49163587081784
96.6035863702902 329.49163587081784
110.6035863702902 329.49163587081784
84.6035863702902 360.49163587081784
84.6035863702902 346.49163587081784
110.6035863702902 376.49163587081784
96.6035863702902 376.49163587081784
183.01027084904285 487.63763452629007
0.0 0.0
0
1
0
1
true
true
false
false
true
true
false
false
8
10
8
5
121
1
8
O
non-metaux
6
144.6035863702902 421.49163587081784
157.46630834391758 240.9680870888277
160.6035863702902 379.49163587081784
134.6035863702902 410.49163587081784
134.6035863702902 396.49163587081784
160.6035863702902 426.49163587081784
0.0 0.0
173.6035863702902 396.49163587081784
173.6035863702902 410.49163587081784
2
0
0
0
false
false
true
true
false
false
true
true
5
8
8
8
121
1
8
O
non-metaux
6
384.6035863702902 321.49163587081784
386.6035863702902 279.49163587081784
400.6035863702902 279.49163587081784
374.6035863702902 310.49163587081784
374.6035863702902 296.49163587081784
331.24822359314163 461.29676239893007
0.0 0.0
413.6035863702902 296.49163587081784
0.0 0.0
0
0
2
0
true
true
true
true
false
false
false
false
8
8
0
8
121
1
8
O
non-metaux
6
432.6035863702902 371.49163587081784
434.6035863702902 329.49163587081784
448.6035863702902 329.49163587081784
103.32416019560515 109.70368188033244
422.6035863702902 346.49163587081784
448.6035863702902 376.49163587081784
434.6035863702902 376.49163587081784
461.6035863702902 346.49163587081784
0.0 0.0
0
1
0
1
true
true
false
false
true
true
false
false
8
0
8
9
121
1
1
H
non-metaux
1
336.6035863702902 321.49163587081784
64.92159326963008 213.5040923389368
0.0 0.0
0.0 0.0
0.0 0.0
0.0 0.0
0.0 0.0
0.0 0.0
0.0 0.0
0
0
1
0
false
false
false
false
false
false
false
false
8
8
2
8
121
1
1
H
non-metaux
1
288.6035863702902 421.49163587081784
74.82130577842585 421.4018556164321
0.0 0.0
0.0 0.0
0.0 0.0
0.0 0.0
0.0 0.0
0.0 0.0
0.0 0.0
1
0
0
0
false
false
false
false
false
false
false
false
3
8
8
8
121
1
1
H
non-metaux
1
336.6035863702902 421.49163587081784
50.53787091233318 130.73932898985592
0.0 0.0
0.0 0.0
0.0 0.0
0.0 0.0
0.0 0.0
0.0 0.0
0.0 0.0
1
0
0
0
false
false
false
false
false
false
false
false
2
8
8
8
121
1
1
H
non-metaux
1
288.6035863702902 321.49163587081784
229.10565932035516 220.61003301631058
0.0 0.0
0.0 0.0
0.0 0.0
0.0 0.0
0.0 0.0
0.0 0.0
0.0 0.0
0
0
1
0
false
false
false
false
false
false
false
false
8
8
3
8
End