13
161
1
6
C
non-metaux
4
404.25602045909227 204.13625423465794
405.25602045909227 162.13625423465794
0.0 0.0
428.7392234444255 253.58517044910138
0.0 0.0
419.25602045909227 209.13625423465794
0.0 0.0
431.25602045909227 179.13625423465794
0.0 0.0
2
1
0
1
false
false
false
false
false
false
false
false
4
2
8
3
161
1
6
C
non-metaux
4
308.25602045909227 204.13625423465794
309.25602045909227 162.13625423465794
0.0 0.0
298.25602045909227 193.13625423465794
0.0 0.0
323.25602045909227 209.13625423465794
0.0 0.0
67.66964628746817 86.25741421056816
0.0 0.0
1
1
1
1
false
false
false
false
false
false
false
false
7
8
6
2
161
1
6
C
non-metaux
4
356.25602045909227 204.13625423465794
357.25602045909227 162.13625423465794
0.0 0.0
346.25602045909227 193.13625423465794
0.0 0.0
371.25602045909227 209.13625423465794
0.0 0.0
383.25602045909227 179.13625423465794
0.0 0.0
1
1
1
1
false
false
false
false
false
false
false
false
9
1
10
0
161
1
8
O
non-metaux
6
452.25602045909227 204.13625423465794
454.25602045909227 162.13625423465794
468.25602045909227 162.13625423465794
137.3101319482871 453.2003284591324
442.25602045909227 179.13625423465794
468.25602045909227 209.13625423465794
454.25602045909227 209.13625423465794
481.25602045909227 179.13625423465794
0.0 0.0
0
1
0
1
true
true
false
false
true
true
false
false
8
0
8
5
161
1
8
O
non-metaux
6
404.25602045909227 154.13625423465794
406.25602045909227 112.13625423465794
420.25602045909227 112.13625423465794
394.25602045909227 143.13625423465794
394.25602045909227 129.13625423465794
95.84773699256704 134.32464451444827
0.0 0.0
433.25602045909227 129.13625423465794
0.0 0.0
0
0
2
0
true
true
true
true
false
false
false
false
8
8
0
8
161
1
1
H
non-metaux
1
502.25602045909227 204.13625423465794
77.24981596047176 4.783851283496034
0.0 0.0
0.0 0.0
0.0 0.0
0.0 0.0
0.0 0.0
0.0 0.0
0.0 0.0
0
1
0
0
false
false
false
false
false
false
false
false
8
3
8
8
161
1
1
H
non-metaux
1
308.25602045909227 254.13625423465794
213.89855986671074 424.055958005858
0.0 0.0
0.0 0.0
0.0 0.0
0.0 0.0
0.0 0.0
0.0 0.0
0.0 0.0
1
0
0
0
false
false
false
false
false
false
false
false
1
8
8
8
161
1
1
H
non-metaux
1
308.25602045909227 154.13625423465794
254.2657511832707 225.04758058828702
0.0 0.0
0.0 0.0
0.0 0.0
0.0 0.0
0.0 0.0
0.0 0.0
0.0 0.0
0
0
1
0
false
false
false
false
false
false
false
false
8
8
1
8
161
1
1
H
non-metaux
1
259.25602045909227 204.13625423465794
95.63584727395819 78.07005204063145
0.0 0.0
0.0 0.0
0.0 0.0
0.0 0.0
0.0 0.0
0.0 0.0
0.0 0.0
0
0
0
1
false
false
false
false
false
false
false
false
8
8
8
1
161
1
1
H
non-metaux
1
356.25602045909227 154.13625423465794
341.6619452541645 68.2107048622271
0.0 0.0
0.0 0.0
0.0 0.0
0.0 0.0
0.0 0.0
0.0 0.0
0.0 0.0
0
0
1
0
false
false
false
false
false
false
false
false
8
8
2
8
161
1
7
N
non-metaux
5
356.25602045909227 254.13625423465794
92.24733046497488 202.38544566589405
372.25602045909227 212.13625423465794
346.25602045909227 243.13625423465794
346.25602045909227 229.13625423465794
372.25602045909227 259.13625423465794
0.0 0.0
385.25602045909227 229.13625423465794
0.0 0.0
1
0
1
1
false
false
true
true
false
false
false
false
2
8
12
11
161
1
1
H
non-metaux
1
406.25602045909227 254.13625423465794
363.7881188063688 354.0447210094672
0.0 0.0
0.0 0.0
0.0 0.0
0.0 0.0
0.0 0.0
0.0 0.0
0.0 0.0
0
1
0
0
false
false
false
false
false
false
false
false
8
10
8
8
161
1
1
H
non-metaux
1
356.25602045909227 304.13625423465794
74.07735424638943 317.41424228463757
0.0 0.0
0.0 0.0
0.0 0.0
0.0 0.0
0.0 0.0
0.0 0.0
0.0 0.0
1
0
0
0
false
false
false
false
false
false
false
false
10
8
8
8
End