24
174
1
7
N
non-metaux
5
234.0941385097491 323.063241641903
236.0941385097491 281.063241641903
250.0941385097491 281.063241641903
491.00049981897405 46.3789430181033
0.0 0.0
250.09413850974906 328.063241641903
0.0 0.0
263.0941385097491 298.063241641903
0.0 0.0
0
2
0
1
true
true
false
false
false
false
false
false
8
1
8
3
174
1
7
N
non-metaux
5
184.0941385097491 323.063241641903
186.0941385097491 281.063241641903
200.0941385097491 281.063241641903
174.09413850974906 312.063241641903
0.0 0.0
200.09413850974906 328.063241641903
0.0 0.0
213.09413850974906 298.063241641903
0.0 0.0
0
1
0
2
true
true
false
false
false
false
false
false
8
2
8
0
174
1
6
C
non-metaux
4
136.0941385097491 323.063241641903
137.09413850974906 281.063241641903
0.0 0.0
126.09413850974909 312.063241641903
0.0 0.0
151.09413850974906 328.063241641903
0.0 0.0
212.67324793133668 35.72621143015071
0.0 0.0
1
1
1
1
false
false
false
false
false
false
false
false
6
20
5
1
174
1
6
C
non-metaux
4
284.0941385097491 323.063241641903
285.0941385097491 281.063241641903
0.0 0.0
424.05241303816166 67.44245882763428
0.0 0.0
299.0941385097491 328.063241641903
0.0 0.0
311.0941385097491 298.063241641903
0.0 0.0
1
1
1
1
false
false
false
false
false
false
false
false
7
0
4
22
174
1
6
C
non-metaux
4
284.0941385097491 373.063241641903
507.5663998013574 198.76227795156925
0.0 0.0
274.0941385097491 362.063241641903
0.0 0.0
299.0941385097491 378.063241641903
0.0 0.0
311.0941385097491 348.063241641903
0.0 0.0
1
1
1
1
false
false
false
false
false
false
false
false
3
16
15
10
174
1
6
C
non-metaux
4
136.0941385097491 373.063241641903
115.23266050590259 410.09268986245837
0.0 0.0
126.09413850974909 362.063241641903
0.0 0.0
151.0941385097491 378.063241641903
0.0 0.0
163.0941385097491 348.063241641903
0.0 0.0
1
1
1
1
false
false
false
false
false
false
false
false
2
19
9
14
174
1
6
C
non-metaux
4
136.0941385097491 273.063241641903
137.0941385097491 231.063241641903
0.0 0.0
126.09413850974909 262.063241641903
0.0 0.0
259.69526286669907 56.81734533896314
0.0 0.0
163.0941385097491 248.063241641903
0.0 0.0
1
1
1
1
false
false
false
false
false
false
false
false
11
13
2
12
174
1
6
C
non-metaux
4
284.0941385097491 273.063241641903
285.0941385097491 231.063241641903
0.0 0.0
274.0941385097491 262.063241641903
0.0 0.0
228.6564476419141 443.5965170377882
0.0 0.0
311.0941385097491 248.063241641903
0.0 0.0
1
1
1
1
false
false
false
false
false
false
false
false
17
8
3
18
174
1
1
H
non-metaux
1
235.0941385097491 273.063241641903
463.620531497464 204.77332613884514
0.0 0.0
0.0 0.0
0.0 0.0
0.0 0.0
0.0 0.0
0.0 0.0
0.0 0.0
0
0
0
1
false
false
false
false
false
false
false
false
8
8
8
7
174
1
1
H
non-metaux
1
136.0941385097491 423.063241641903
42.745321254197115 444.8776252969547
0.0 0.0
0.0 0.0
0.0 0.0
0.0 0.0
0.0 0.0
0.0 0.0
0.0 0.0
1
0
0
0
false
false
false
false
false
false
false
false
5
8
8
8
174
1
1
H
non-metaux
1
332.0941385097491 373.063241641903
505.26098745647994 95.88177308867128
0.0 0.0
0.0 0.0
0.0 0.0
0.0 0.0
0.0 0.0
0.0 0.0
0.0 0.0
0
1
0
0
false
false
false
false
false
false
false
false
8
4
8
8
174
1
1
H
non-metaux
1
136.0941385097491 223.063241641903
210.2313920467785 84.45323937359638
0.0 0.0
0.0 0.0
0.0 0.0
0.0 0.0
0.0 0.0
0.0 0.0
0.0 0.0
0
0
1
0
false
false
false
false
false
false
false
false
8
8
6
8
174
1
1
H
non-metaux
1
184.0941385097491 273.063241641903
248.76508192304357 172.3572893748311
0.0 0.0
0.0 0.0
0.0 0.0
0.0 0.0
0.0 0.0
0.0 0.0
0.0 0.0
0
1
0
0
false
false
false
false
false
false
false
false
8
6
8
8
174
1
1
H
non-metaux
1
87.09413850974909 273.063241641903
50.91459758283947 276.2221267054432
0.0 0.0
0.0 0.0
0.0 0.0
0.0 0.0
0.0 0.0
0.0 0.0
0.0 0.0
0
0
0
1
false
false
false
false
false
false
false
false
8
8
8
6
174
1
1
H
non-metaux
1
184.0941385097491 373.063241641903
73.5755570164793 140.6214660833678
0.0 0.0
0.0 0.0
0.0 0.0
0.0 0.0
0.0 0.0
0.0 0.0
0.0 0.0
0
1
0
0
false
false
false
false
false
false
false
false
8
5
8
8
174
1
1
H
non-metaux
1
284.0941385097491 423.063241641903
263.308198478457 1.5556663170900649
0.0 0.0
0.0 0.0
0.0 0.0
0.0 0.0
0.0 0.0
0.0 0.0
0.0 0.0
1
0
0
0
false
false
false
false
false
false
false
false
4
8
8
8
174
1
1
H
non-metaux
1
235.0941385097491 373.063241641903
191.92401095806517 18.327801560484616
0.0 0.0
0.0 0.0
0.0 0.0
0.0 0.0
0.0 0.0
0.0 0.0
0.0 0.0
0
0
0
1
false
false
false
false
false
false
false
false
8
8
8
4
174
1
1
H
non-metaux
1
284.0941385097491 223.063241641903
383.49399425739955 286.4137697927841
0.0 0.0
0.0 0.0
0.0 0.0
0.0 0.0
0.0 0.0
0.0 0.0
0.0 0.0
0
0
1
0
false
false
false
false
false
false
false
false
8
8
7
8
174
1
1
H
non-metaux
1
332.0941385097491 273.063241641903
410.2747016249782 92.34756462554776
0.0 0.0
0.0 0.0
0.0 0.0
0.0 0.0
0.0 0.0
0.0 0.0
0.0 0.0
0
1
0
0
false
false
false
false
false
false
false
false
8
7
8
8
174
1
1
H
non-metaux
1
87.09413850974909 373.063241641903
146.60159899751517 434.87265432219505
0.0 0.0
0.0 0.0
0.0 0.0
0.0 0.0
0.0 0.0
0.0 0.0
0.0 0.0
0
0
0
1
false
false
false
false
false
false
false
false
8
8
8
5
174
1
6
C
non-metaux
4
88.09413850974909 323.063241641903
89.09413850974909 281.063241641903
0.0 0.0
78.09413850974909 312.063241641903
0.0 0.0
103.09413850974909 328.063241641903
0.0 0.0
111.45297655221667 155.39665704650412
0.0 0.0
0
3
0
1
false
false
false
false
false
false
false
false
8
23
8
2
174
1
7
N
non-metaux
5
380.0941385097491 323.063241641903
382.0941385097491 281.063241641903
396.0941385097491 281.063241641903
506.42097055327577 318.3796567641556
0.0 0.0
396.0941385097491 328.063241641903
0.0 0.0
409.0941385097491 298.063241641903
0.0 0.0
0
3
0
0
true
true
false
false
false
false
false
false
8
22
8
8
174
1
6
C
non-metaux
4
332.0941385097491 323.063241641903
333.0941385097491 281.063241641903
0.0 0.0
419.94298121613883 450.5332579893084
0.0 0.0
347.0941385097491 328.063241641903
0.0 0.0
359.0941385097491 298.063241641903
0.0 0.0
0
1
0
3
false
false
false
false
false
false
false
false
8
3
8
21
174
1
7
N
non-metaux
5
38.09413850974909 323.063241641903
40.09413850974909 281.063241641903
54.09413850974909 281.063241641903
28.094138509749087 312.063241641903
0.0 0.0
54.09413850974909 328.063241641903
0.0 0.0
212.25633180552316 77.31927285503966
0.0 0.0
0
0
0
3
true
true
false
false
false
false
false
false
8
8
8
20
End