4
198
1
5
B
metalloides
3
142.86644452027076 344.9031593642895
143.86644452027076 302.9031593642895
0.0 0.0
197.048696494421 86.93860515369433
0.0 0.0
157.86644452027076 349.9031593642895
0.0 0.0
0.0 0.0
0.0 0.0
1
1
1
0
false
false
false
false
false
false
false
false
1
3
2
8
198
1
9
F
halogenes
7
142.86644452027076 294.9031593642895
141.86644452027076 252.90315936428948
155.86644452027076 252.90315936428948
132.86644452027076 283.9031593642895
132.86644452027076 269.9031593642895
126.14684783492206 63.48706431007674
141.86644452027076 299.9031593642895
164.86644452027076 269.9031593642895
164.86644452027076 283.9031593642895
0
0
1
0
true
true
true
true
false
false
true
true
8
8
0
8
198
1
9
F
halogenes
7
142.86644452027076 394.9031593642895
433.7537804416301 135.90764998682627
155.86644452027076 352.9031593642895
132.86644452027076 383.9031593642895
132.86644452027076 369.9031593642895
155.86644452027076 399.9031593642895
141.86644452027076 399.9031593642895
164.86644452027076 369.9031593642895
164.86644452027076 383.9031593642895
1
0
0
0
false
false
true
true
true
true
true
true
0
8
8
8
198
1
9
F
halogenes
7
99.86644452027076 344.9031593642895
98.86644452027076 302.9031593642895
112.86644452027076 302.9031593642895
89.86644452027076 333.9031593642895
89.86644452027076 319.9031593642895
112.86644452027076 349.9031593642895
98.86644452027076 349.9031593642895
121.86644452027076 319.9031593642895
0.0 0.0
0
0
0
1
true
true
true
true
true
true
false
false
8
8
8
0
End