2
202
1
5
B
metalloides
3
177.0457355633397 163.22553872601685
178.0457355633397 121.22553872601685
0.0 0.0
148.4861515882937 285.58050855284694
0.0 0.0
192.0457355633397 168.22553872601685
0.0 0.0
0.0 0.0
0.0 0.0
0
3
0
0
false
false
false
false
false
false
false
false
8
1
8
8
202
1
7
N
non-metaux
5
127.04573556333969 163.22553872601685
129.0457355633397 121.22553872601685
143.0457355633397 121.22553872601685
117.04573556333969 152.22553872601685
0.0 0.0
143.0457355633397 168.22553872601685
0.0 0.0
156.0457355633397 138.22553872601685
0.0 0.0
0
0
0
3
true
true
false
false
false
false
false
false
8
8
8
0
End