2
206
1
35
Br
halogenes
7
220.18449368340774 188.25322015761824
227.18449368340774 146.25322015761824
241.18449368340774 146.25322015761824
237.1535545371404 92.30607498887625
210.18449368340774 163.25322015761824
241.18449368340774 193.25322015761824
227.18449368340774 193.25322015761824
259.1844936834077 163.25322015761824
259.1844936834077 177.25322015761824
0
1
0
0
true
true
false
false
true
true
true
true
8
1
8
8
206
1
35
Br
halogenes
7
160.18449368340774 188.25322015761824
167.18449368340774 146.25322015761824
181.18449368340774 146.25322015761824
150.18449368340774 177.25322015761824
150.18449368340774 163.25322015761824
181.18449368340774 193.25322015761824
167.18449368340774 193.25322015761824
199.18449368340774 163.25322015761824
0.0 0.0
0
0
0
1
true
true
true
true
true
true
false
false
8
8
8
0
End