10
208
1
6
C
non-metaux
4
312.63324484357463 290.07740864663555
313.63324484357463 248.07740864663555
0.0 0.0
302.63324484357463 279.07740864663555
0.0 0.0
327.63324484357463 295.07740864663555
0.0 0.0
339.63324484357463 265.07740864663555
0.0 0.0
1
1
0
2
false
false
false
false
false
false
false
false
6
2
8
3
208
1
6
C
non-metaux
4
216.63324484357463 290.07740864663555
217.63324484357463 248.07740864663555
0.0 0.0
206.63324484357463 279.07740864663555
0.0 0.0
231.63324484357463 295.07740864663555
0.0 0.0
79.07303971339032 445.1825930134452
0.0 0.0
0
1
1
2
false
false
false
false
false
false
false
false
8
7
4
2
208
1
6
C
non-metaux
4
264.63324484357463 290.07740864663555
265.63324484357463 248.07740864663555
0.0 0.0
254.63324484357463 279.07740864663555
0.0 0.0
279.63324484357463 295.07740864663555
0.0 0.0
73.05426777663166 196.13142735155589
0.0 0.0
1
2
0
1
false
false
false
false
false
false
false
false
5
1
8
0
208
1
6
C
non-metaux
4
360.63324484357463 290.07740864663555
361.63324484357463 248.07740864663555
0.0 0.0
385.3549627232902 176.08265856913786
0.0 0.0
375.63324484357463 295.07740864663555
0.0 0.0
387.63324484357463 265.07740864663555
0.0 0.0
0
2
1
1
false
false
false
false
false
false
false
false
8
0
8
9
208
1
1
H
non-metaux
1
216.63324484357463 340.07740864663555
321.95056159294774 463.89556772272954
0.0 0.0
0.0 0.0
0.0 0.0
0.0 0.0
0.0 0.0
0.0 0.0
0.0 0.0
1
0
0
0
false
false
false
false
false
false
false
false
1
8
8
8
208
1
1
H
non-metaux
1
264.63324484357463 240.07740864663555
274.770679828472 6.7577168091492155
0.0 0.0
0.0 0.0
0.0 0.0
0.0 0.0
0.0 0.0
0.0 0.0
0.0 0.0
0
0
1
0
false
false
false
false
false
false
false
false
8
8
2
8
208
1
1
H
non-metaux
1
312.63324484357463 240.07740864663555
439.8360181995667 356.0326803000209
0.0 0.0
0.0 0.0
0.0 0.0
0.0 0.0
0.0 0.0
0.0 0.0
0.0 0.0
0
0
1
0
false
false
false
false
false
false
false
false
8
8
0
8
208
1
1
H
non-metaux
1
167.63324484357463 290.07740864663555
111.82956727697419 370.09778709885654
0.0 0.0
0.0 0.0
0.0 0.0
0.0 0.0
0.0 0.0
0.0 0.0
0.0 0.0
0
0
0
1
false
false
false
false
false
false
false
false
8
8
8
1
208
1
1
H
non-metaux
1
360.63324484357463 340.07740864663555
123.70083071253947 133.1813399290843
0.0 0.0
0.0 0.0
0.0 0.0
0.0 0.0
0.0 0.0
0.0 0.0
0.0 0.0
1
0
0
0
false
false
false
false
false
false
false
false
3
8
8
8
208
1
1
H
non-metaux
1
408.63324484357463 290.07740864663555
494.36390786729226 167.55613606316123
0.0 0.0
0.0 0.0
0.0 0.0
0.0 0.0
0.0 0.0
0.0 0.0
0.0 0.0
0
1
0
0
false
false
false
false
false
false
false
false
8
3
8
8
End