4
218
1
6
C
non-metaux
4
207.76588241184254 249.51692421273646
208.76588241184254 207.51692421273646
0.0 0.0
197.76588241184254 238.51692421273646
0.0 0.0
222.76588241184254 254.51692421273646
0.0 0.0
234.76588241184254 224.51692421273646
0.0 0.0
0
1
0
3
false
false
false
false
false
false
false
false
8
2
8
1
218
1
6
C
non-metaux
4
255.76588241184254 249.51692421273646
256.76588241184254 207.51692421273646
0.0 0.0
500.1541409330025 139.33204355937704
0.0 0.0
270.76588241184254 254.51692421273646
0.0 0.0
282.76588241184254 224.51692421273646
0.0 0.0
0
3
0
1
false
false
false
false
false
false
false
false
8
0
8
3
218
1
1
H
non-metaux
1
158.76588241184254 249.51692421273646
108.38613150234886 144.0632921870251
0.0 0.0
0.0 0.0
0.0 0.0
0.0 0.0
0.0 0.0
0.0 0.0
0.0 0.0
0
0
0
1
false
false
false
false
false
false
false
false
8
8
8
0
218
1
1
H
non-metaux
1
303.76588241184254 249.51692421273646
503.7858283488622 297.90556109934636
0.0 0.0
0.0 0.0
0.0 0.0
0.0 0.0
0.0 0.0
0.0 0.0
0.0 0.0
0
1
0
0
false
false
false
false
false
false
false
false
8
1
8
8
End