6
222
1
6
C
non-metaux
4
250.40845109673154 347.38645179377033
251.40845109673154 305.38645179377033
0.0 0.0
240.40845109673154 336.38645179377033
0.0 0.0
265.40845109673154 352.38645179377033
0.0 0.0
277.40845109673154 322.38645179377033
0.0 0.0
1
0
1
2
false
false
false
false
false
false
false
false
5
8
2
1
222
1
6
C
non-metaux
4
298.40845109673154 347.38645179377033
299.40845109673154 305.38645179377033
0.0 0.0
372.3579611310149 219.4067127915976
0.0 0.0
313.40845109673154 352.38645179377033
0.0 0.0
325.40845109673154 322.38645179377033
0.0 0.0
1
2
1
0
false
false
false
false
false
false
false
false
3
0
4
8
222
1
1
H
non-metaux
1
250.40845109673154 397.38645179377033
248.89967131142828 448.0308606433357
0.0 0.0
0.0 0.0
0.0 0.0
0.0 0.0
0.0 0.0
0.0 0.0
0.0 0.0
1
0
0
0
false
false
false
false
false
false
false
false
0
8
8
8
222
1
1
H
non-metaux
1
298.40845109673154 297.38645179377033
411.79927918723877 216.00465094476914
0.0 0.0
0.0 0.0
0.0 0.0
0.0 0.0
0.0 0.0
0.0 0.0
0.0 0.0
0
0
1
0
false
false
false
false
false
false
false
false
8
8
1
8
222
1
1
H
non-metaux
1
298.40845109673154 397.38645179377033
44.56997181040742 305.90053750102203
0.0 0.0
0.0 0.0
0.0 0.0
0.0 0.0
0.0 0.0
0.0 0.0
0.0 0.0
1
0
0
0
false
false
false
false
false
false
false
false
1
8
8
8
222
1
1
H
non-metaux
1
250.40845109673154 297.38645179377033
311.313955968109 187.1648217881039
0.0 0.0
0.0 0.0
0.0 0.0
0.0 0.0
0.0 0.0
0.0 0.0
0.0 0.0
0
0
1
0
false
false
false
false
false
false
false
false
8
8
0
8
End