8
228
1
6
C
non-metaux
4
284.84320210978524 318.9840689253248
285.84320210978524 276.9840689253248
0.0 0.0
328.603736410337 454.54188163719056
0.0 0.0
299.84320210978524 323.9840689253248
0.0 0.0
311.84320210978524 293.9840689253248
0.0 0.0
1
1
1
1
false
false
false
false
false
false
false
false
2
1
5
4
228
1
6
C
non-metaux
4
236.84320210978524 318.9840689253248
237.84320210978524 276.9840689253248
0.0 0.0
262.26679433231715 464.9221579125365
0.0 0.0
251.84320210978524 323.9840689253248
0.0 0.0
263.84320210978524 293.9840689253248
0.0 0.0
1
1
1
1
false
false
false
false
false
false
false
false
3
7
6
0
228
1
1
H
non-metaux
1
284.84320210978524 268.9840689253248
461.120649308319 44.52474913334295
0.0 0.0
0.0 0.0
0.0 0.0
0.0 0.0
0.0 0.0
0.0 0.0
0.0 0.0
0
0
1
0
false
false
false
false
false
false
false
false
8
8
0
8
228
1
1
H
non-metaux
1
236.84320210978524 268.9840689253248
227.74167853533172 165.57407710035577
0.0 0.0
0.0 0.0
0.0 0.0
0.0 0.0
0.0 0.0
0.0 0.0
0.0 0.0
0
0
1
0
false
false
false
false
false
false
false
false
8
8
1
8
228
1
1
H
non-metaux
1
332.84320210978524 318.9840689253248
442.41357301475125 336.8728571548006
0.0 0.0
0.0 0.0
0.0 0.0
0.0 0.0
0.0 0.0
0.0 0.0
0.0 0.0
0
1
0
0
false
false
false
false
false
false
false
false
8
0
8
8
228
1
1
H
non-metaux
1
284.84320210978524 368.9840689253248
182.38363489538065 433.58021583820454
0.0 0.0
0.0 0.0
0.0 0.0
0.0 0.0
0.0 0.0
0.0 0.0
0.0 0.0
1
0
0
0
false
false
false
false
false
false
false
false
0
8
8
8
228
1
1
H
non-metaux
1
236.84320210978524 368.9840689253248
192.92542873517942 341.0962313717705
0.0 0.0
0.0 0.0
0.0 0.0
0.0 0.0
0.0 0.0
0.0 0.0
0.0 0.0
1
0
0
0
false
false
false
false
false
false
false
false
1
8
8
8
228
1
17
Cl
halogenes
7
177.84320210978524 318.9840689253248
184.84320210978524 276.9840689253248
198.84320210978524 276.9840689253248
167.84320210978524 307.9840689253248
167.84320210978524 293.9840689253248
198.84320210978524 323.9840689253248
184.84320210978524 323.9840689253248
215.84320210978524 293.9840689253248
0.0 0.0
0
0
0
1
true
true
true
true
true
true
false
false
8
8
8
1
End