9
236
1
6
C
non-metaux
4
300.40648507023866 306.6550352162147
301.40648507023866 264.6550352162147
0.0 0.0
290.40648507023866 295.6550352162147
0.0 0.0
315.40648507023866 311.6550352162147
0.0 0.0
327.40648507023866 281.6550352162147
0.0 0.0
1
1
1
1
false
false
false
false
false
false
false
false
3
1
7
2
236
1
6
C
non-metaux
4
252.40648507023866 306.6550352162147
253.40648507023866 264.6550352162147
0.0 0.0
242.40648507023866 295.6550352162147
0.0 0.0
267.40648507023866 311.6550352162147
0.0 0.0
464.2426740082365 41.81785453677682
0.0 0.0
1
1
1
1
false
false
false
false
false
false
false
false
8
4
6
0
236
1
8
O
non-metaux
6
348.40648507023866 306.6550352162147
350.40648507023866 264.6550352162147
364.40648507023866 264.6550352162147
410.6759369832547 494.213690483662
338.40648507023866 281.6550352162147
364.40648507023866 311.6550352162147
350.40648507023866 311.6550352162147
377.40648507023866 281.6550352162147
0.0 0.0
0
1
0
1
true
true
false
false
true
true
false
false
8
0
8
5
236
1
1
H
non-metaux
1
300.40648507023866 256.6550352162147
159.98251477976345 223.0898800845838
0.0 0.0
0.0 0.0
0.0 0.0
0.0 0.0
0.0 0.0
0.0 0.0
0.0 0.0
0
0
1
0
false
false
false
false
false
false
false
false
8
8
0
8
236
1
1
H
non-metaux
1
203.40648507023866 306.6550352162147
324.95191594020037 371.7669016979817
0.0 0.0
0.0 0.0
0.0 0.0
0.0 0.0
0.0 0.0
0.0 0.0
0.0 0.0
0
0
0
1
false
false
false
false
false
false
false
false
8
8
8
1
236
1
1
H
non-metaux
1
398.40648507023866 306.6550352162147
510.9044475341543 301.82800104216807
0.0 0.0
0.0 0.0
0.0 0.0
0.0 0.0
0.0 0.0
0.0 0.0
0.0 0.0
0
1
0
0
false
false
false
false
false
false
false
false
8
2
8
8
236
1
1
H
non-metaux
1
252.40648507023866 356.6550352162147
85.76045271444048 435.4161065652357
0.0 0.0
0.0 0.0
0.0 0.0
0.0 0.0
0.0 0.0
0.0 0.0
0.0 0.0
1
0
0
0
false
false
false
false
false
false
false
false
1
8
8
8
236
1
1
H
non-metaux
1
300.40648507023866 356.6550352162147
510.40781939636463 414.8235924155638
0.0 0.0
0.0 0.0
0.0 0.0
0.0 0.0
0.0 0.0
0.0 0.0
0.0 0.0
1
0
0
0
false
false
false
false
false
false
false
false
0
8
8
8
236
1
1
H
non-metaux
1
252.40648507023866 256.6550352162147
418.2939225772175 324.7321159231747
0.0 0.0
0.0 0.0
0.0 0.0
0.0 0.0
0.0 0.0
0.0 0.0
0.0 0.0
0
0
1
0
false
false
false
false
false
false
false
false
8
8
1
8
End