8
245
1
6
C
non-metaux
4
293.82726076631184 270.30034307965724
294.82726076631184 228.30034307965724
0.0 0.0
283.82726076631184 259.30034307965724
0.0 0.0
81.23841778715813 276.9580163311925
0.0 0.0
320.82726076631184 245.30034307965724
0.0 0.0
1
1
1
1
false
false
false
false
false
false
false
false
5
1
2
6
245
1
6
C
non-metaux
4
245.82726076631184 270.30034307965724
246.82726076631184 228.30034307965724
0.0 0.0
235.82726076631184 259.30034307965724
0.0 0.0
260.82726076631184 275.30034307965724
0.0 0.0
192.32368883007553 461.14837771734557
0.0 0.0
1
1
1
1
false
false
false
false
false
false
false
false
3
4
7
0
245
1
1
H
non-metaux
1
293.82726076631184 320.30034307965724
295.82726076631184 278.30034307965724
0.0 0.0
0.0 0.0
0.0 0.0
0.0 0.0
0.0 0.0
0.0 0.0
0.0 0.0
1
0
0
0
false
false
false
false
false
false
false
false
0
8
8
8
245
1
1
H
non-metaux
1
245.82726076631184 220.30034307965724
440.1148123921267 233.5967843600132
0.0 0.0
0.0 0.0
0.0 0.0
0.0 0.0
0.0 0.0
0.0 0.0
0.0 0.0
0
0
1
0
false
false
false
false
false
false
false
false
8
8
1
8
245
1
1
H
non-metaux
1
196.82726076631184 270.30034307965724
384.9973111152623 430.81274259042095
0.0 0.0
0.0 0.0
0.0 0.0
0.0 0.0
0.0 0.0
0.0 0.0
0.0 0.0
0
0
0
1
false
false
false
false
false
false
false
false
8
8
8
1
245
1
1
H
non-metaux
1
293.82726076631184 220.30034307965724
292.17932009725405 178.0783290438017
0.0 0.0
0.0 0.0
0.0 0.0
0.0 0.0
0.0 0.0
0.0 0.0
0.0 0.0
0
0
1
0
false
false
false
false
false
false
false
false
8
8
0
8
245
1
1
H
non-metaux
1
341.82726076631184 270.30034307965724
363.6837929822479 85.52875760081884
0.0 0.0
0.0 0.0
0.0 0.0
0.0 0.0
0.0 0.0
0.0 0.0
0.0 0.0
0
1
0
0
false
false
false
false
false
false
false
false
8
0
8
8
245
1
1
H
non-metaux
1
245.82726076631184 320.30034307965724
444.55000553587814 308.3184170835338
0.0 0.0
0.0 0.0
0.0 0.0
0.0 0.0
0.0 0.0
0.0 0.0
0.0 0.0
1
0
0
0
false
false
false
false
false
false
false
false
1
8
8
8
End