5
0
1
6
C
non-metaux
4
262.6486892704909 356.2961476456296
263.6486892704909 314.2961476456296
0.0 0.0
77.58937832318375 333.1696267895559
0.0 0.0
277.6486892704909 361.2961476456296
0.0 0.0
289.6486892704909 331.2961476456296
0.0 0.0
1
1
1
1
false
false
false
false
false
false
false
false
4
1
2
3
0
1
35
Br
halogenes
7
202.64868927049088 356.2961476456296
209.64868927049088 314.2961476456296
223.64868927049088 314.2961476456296
192.64868927049088 345.2961476456296
192.64868927049088 331.2961476456296
223.64868927049088 361.2961476456296
209.64868927049088 361.2961476456296
241.6486892704909 331.2961476456296
0.0 0.0
0
0
0
1
true
true
true
true
true
true
false
false
8
8
8
0
0
1
35
Br
halogenes
7
262.6486892704909 406.2961476456296
170.895267604099 378.53763345078346
283.6486892704909 364.2961476456296
252.64868927049088 395.2961476456296
252.64868927049088 381.2961476456296
283.6486892704909 411.2961476456296
269.6486892704909 411.2961476456296
301.6486892704909 381.2961476456296
301.6486892704909 395.2961476456296
1
0
0
0
false
false
true
true
true
true
true
true
0
8
8
8
0
1
35
Br
halogenes
7
310.6486892704909 356.2961476456296
317.6486892704909 314.2961476456296
331.6486892704909 314.2961476456296
296.3060088460519 383.62506222514105
300.6486892704909 331.2961476456296
331.6486892704909 361.2961476456296
317.6486892704909 361.2961476456296
349.6486892704909 331.2961476456296
349.6486892704909 345.2961476456296
0
1
0
0
true
true
false
false
true
true
true
true
8
0
8
8
0
1
35
Br
halogenes
7
262.6486892704909 306.2961476456296
269.6486892704909 264.2961476456296
283.6486892704909 264.2961476456296
252.64868927049088 295.2961476456296
252.64868927049088 281.2961476456296
211.42509943371672 66.9232373983303
269.6486892704909 311.2961476456296
301.6486892704909 281.2961476456296
301.6486892704909 295.2961476456296
0
0
1
0
true
true
true
true
false
false
true
true
8
8
0
8
End