5
8
1
6
C
non-metaux
4
326.18861344779344 188.71879855814203
327.18861344779344 146.71879855814203
341.18861344779344 146.71879855814203
316.18861344779344 177.71879855814203
0.0 0.0
341.18861344779344 193.71879855814203
0.0 0.0
479.37829157586225 228.59376533006477
0.0 0.0
1
1
1
1
false
false
false
false
false
false
false
false
3
1
4
2
8
1
17
Cl
halogenes
7
267.18861344779344 188.71879855814203
274.18861344779344 146.71879855814203
288.18861344779344 146.71879855814203
257.18861344779344 177.71879855814203
257.18861344779344 163.71879855814203
288.18861344779344 193.71879855814203
274.18861344779344 193.71879855814203
483.8693232679952 144.05039293135016
0.0 0.0
0
0
0
1
true
true
true
true
true
true
false
false
8
8
8
0
8
1
17
Cl
halogenes
7
374.18861344779344 188.71879855814203
381.18861344779344 146.71879855814203
395.18861344779344 146.71879855814203
364.18861344779344 177.71879855814203
364.18861344779344 163.71879855814203
395.18861344779344 193.71879855814203
381.18861344779344 193.71879855814203
412.18861344779344 163.71879855814203
412.18861344779344 177.71879855814203
0
1
0
0
true
true
false
false
true
true
true
true
8
0
8
8
8
1
17
Cl
halogenes
7
326.18861344779344 138.71879855814203
333.18861344779344 96.71879855814203
347.18861344779344 96.71879855814203
316.18861344779344 127.71879855814203
316.18861344779344 113.71879855814203
96.63899599014087 261.06933457018533
333.18861344779344 143.71879855814203
364.18861344779344 113.71879855814203
364.18861344779344 127.71879855814203
0
0
1
0
true
true
true
true
false
false
true
true
8
8
0
8
8
1
17
Cl
halogenes
7
326.18861344779344 238.71879855814203
460.17753818362434 437.4808118628598
347.18861344779344 196.71879855814203
316.18861344779344 227.71879855814203
316.18861344779344 213.71879855814203
347.18861344779344 243.71879855814203
333.18861344779344 243.71879855814203
364.18861344779344 213.71879855814203
364.18861344779344 227.71879855814203
1
0
0
0
false
false
true
true
true
true
true
true
0
8
8
8
End