3
13
1
6
C
non-metaux
4
292.0598070020958 238.10952845361814
293.0598070020958 196.10952845361814
0.0 0.0
471.84667393807916 345.570262667123
0.0 0.0
307.0598070020958 243.10952845361814
293.0598070020958 243.10952845361814
319.0598070020958 213.10952845361814
0.0 0.0
1
1
0
0
false
false
false
false
true
true
false
false
2
1
8
8
13
1
9
F
halogenes
7
249.0598070020958 238.10952845361814
248.0598070020958 196.10952845361814
262.0598070020958 196.10952845361814
239.0598070020958 227.10952845361814
239.0598070020958 213.10952845361814
262.0598070020958 243.10952845361814
248.0598070020958 243.10952845361814
271.0598070020958 213.10952845361814
0.0 0.0
0
0
0
1
true
true
true
true
true
true
false
false
8
8
8
0
13
1
9
F
halogenes
7
292.0598070020958 188.10952845361814
291.0598070020958 146.10952845361814
305.0598070020958 146.10952845361814
282.0598070020958 177.10952845361814
282.0598070020958 163.10952845361814
260.6056529262869 97.4906382215215
291.0598070020958 193.10952845361814
314.0598070020958 163.10952845361814
314.0598070020958 177.10952845361814
0
0
1
0
true
true
true
true
false
false
true
true
8
8
0
8
End