5
13
1
6
C
non-metaux
4
292.0598070020958 238.10952845361817
293.0598070020958 196.10952845361814
0.0 0.0
471.84667393807916 345.570262667123
0.0 0.0
307.0598070020958 243.10952845361814
293.0598070020958 243.10952845361814
319.0598070020958 213.10952845361814
0.0 0.0
1
1
1
1
false
false
false
false
false
false
false
false
2
1
4
3
13
1
9
F
halogenes
7
249.0598070020958 238.10952845361817
248.0598070020958 196.10952845361817
262.0598070020958 196.10952845361817
239.0598070020958 227.10952845361817
239.0598070020958 213.10952845361817
262.0598070020958 243.10952845361817
248.0598070020958 243.10952845361817
271.0598070020958 213.10952845361814
0.0 0.0
0
0
0
1
true
true
true
true
true
true
false
false
8
8
8
0
13
1
9
F
halogenes
7
292.0598070020958 188.10952845361817
291.0598070020958 146.10952845361817
305.0598070020958 146.10952845361817
282.0598070020958 177.10952845361817
282.0598070020958 163.10952845361817
260.6056529262869 97.4906382215215
291.0598070020958 193.10952845361814
314.0598070020958 163.10952845361817
314.0598070020958 177.10952845361817
0
0
1
0
true
true
true
true
false
false
true
true
8
8
0
8
13
1
9
F
halogenes
7
340.0598070020958 238.10952845361817
339.0598070020958 196.10952845361817
353.0598070020958 196.10952845361817
66.22749696524373 131.17049642799327
330.0598070020958 213.10952845361817
353.0598070020958 243.10952845361817
339.0598070020958 243.10952845361817
362.0598070020958 213.10952845361817
362.0598070020958 227.10952845361817
0
1
0
0
true
true
false
false
true
true
true
true
8
0
8
8
13
1
9
F
halogenes
7
292.0598070020958 288.10952845361817
168.70788999941777 162.79888275646596
305.0598070020958 246.10952845361817
282.0598070020958 277.10952845361817
282.0598070020958 263.10952845361817
305.0598070020958 293.10952845361817
291.0598070020958 293.10952845361817
314.0598070020958 263.10952845361817
314.0598070020958 277.10952845361817
1
0
0
0
false
false
true
true
true
true
true
true
0
8
8
8
End