3
18
1
6
C
non-metaux
4
354.5056278348517 430.1054637683336
355.5056278348517 388.1054637683336
369.5056278348517 388.1054637683336
344.5056278348517 419.1054637683336
0.0 0.0
369.5056278348517 435.1054637683336
0.0 0.0
381.5056278348517 405.1054637683336
0.0 0.0
0
1
0
1
true
true
false
false
false
false
false
false
8
2
8
1
18
1
1
H
non-metaux
1
402.5056278348517 430.1054637683336
521.414872388549 422.83047050743636
0.0 0.0
0.0 0.0
0.0 0.0
0.0 0.0
0.0 0.0
0.0 0.0
0.0 0.0
0
1
0
0
false
false
false
false
false
false
false
false
8
0
8
8
18
1
1
H
non-metaux
1
305.5056278348517 430.1054637683336
66.04449002780754 329.21822928079257
0.0 0.0
0.0 0.0
0.0 0.0
0.0 0.0
0.0 0.0
0.0 0.0
0.0 0.0
0
0
0
1
false
false
false
false
false
false
false
false
8
8
8
0
End