5
23
1
6
C
non-metaux
4
324.4331939694666 181.91688008429009
325.4331939694666 139.91688008429009
0.0 0.0
314.4331939694666 170.91688008429009
0.0 0.0
422.24362941508156 333.12357573124723
0.0 0.0
351.4331939694666 156.91688008429009
0.0 0.0
1
1
1
1
false
false
false
false
false
false
false
false
3
2
4
1
23
1
17
Cl
halogenes
7
372.4331939694666 181.91688008429009
379.4331939694666 139.91688008429009
393.4331939694666 139.91688008429009
486.1686789303269 433.41765966626036
362.4331939694666 156.91688008429009
393.4331939694666 186.91688008429009
379.4331939694666 186.91688008429009
410.4331939694666 156.91688008429009
410.4331939694666 170.91688008429009
0
1
0
0
true
true
false
false
true
true
true
true
8
0
8
8
23
1
17
Cl
halogenes
7
265.4331939694666 181.91688008429009
272.4331939694666 139.91688008429009
286.4331939694666 139.91688008429009
255.43319396946657 170.91688008429009
255.43319396946657 156.91688008429009
286.4331939694666 186.91688008429009
272.4331939694666 186.91688008429009
80.91055099048623 214.85523376099144
0.0 0.0
0
0
0
1
true
true
true
true
true
true
false
false
8
8
8
0
23
1
1
H
non-metaux
1
324.4331939694666 131.91688008429009
161.3571886490035 477.9683071849272
0.0 0.0
0.0 0.0
0.0 0.0
0.0 0.0
0.0 0.0
0.0 0.0
0.0 0.0
0
0
1
0
false
false
false
false
false
false
false
false
8
8
0
8
23
1
1
H
non-metaux
1
324.4331939694666 231.91688008429009
326.4331939694666 189.91688008429009
0.0 0.0
0.0 0.0
0.0 0.0
0.0 0.0
0.0 0.0
0.0 0.0
0.0 0.0
1
0
0
0
false
false
false
false
false
false
false
false
0
8
8
8
End