5
28
1
6
C
non-metaux
4
102.82135464632097 315.15580829578056
103.82135464632097 273.15580829578056
0.0 0.0
92.82135464632097 304.15580829578056
0.0 0.0
117.82135464632097 320.15580829578056
0.0 0.0
129.82135464632097 290.15580829578056
0.0 0.0
1
1
1
1
false
false
false
false
false
false
false
false
4
3
2
1
28
1
1
H
non-metaux
1
150.82135464632097 315.15580829578056
404.541726916611 210.5567125075775
0.0 0.0
0.0 0.0
0.0 0.0
0.0 0.0
0.0 0.0
0.0 0.0
0.0 0.0
0
1
0
0
false
false
false
false
false
false
false
false
8
0
8
8
28
1
1
H
non-metaux
1
102.82135464632097 365.15580829578056
492.11956403588937 38.61568088032138
0.0 0.0
0.0 0.0
0.0 0.0
0.0 0.0
0.0 0.0
0.0 0.0
0.0 0.0
1
0
0
0
false
false
false
false
false
false
false
false
0
8
8
8
28
1
1
H
non-metaux
1
53.82135464632097 315.15580829578056
132.78315015249063 61.73159425207524
0.0 0.0
0.0 0.0
0.0 0.0
0.0 0.0
0.0 0.0
0.0 0.0
0.0 0.0
0
0
0
1
false
false
false
false
false
false
false
false
8
8
8
0
28
1
17
Cl
halogenes
7
102.82135464632097 265.15580829578056
109.82135464632097 223.15580829578056
123.82135464632097 223.15580829578056
92.82135464632097 254.15580829578056
92.82135464632097 240.15580829578056
350.3894009323762 57.8694194516803
109.82135464632097 270.15580829578056
140.82135464632097 240.15580829578056
140.82135464632097 254.15580829578056
0
0
1
0
true
true
true
true
false
false
true
true
8
8
0
8
End