6
33
1
6
C
non-metaux
4
222.60693161798542 229.27469242174726
223.60693161798542 187.27469242174726
0.0 0.0
212.60693161798542 218.27469242174726
0.0 0.0
237.60693161798542 234.27469242174726
0.0 0.0
249.60693161798545 204.27469242174726
0.0 0.0
1
1
1
1
false
false
false
false
false
false
false
false
2
1
3
4
33
1
1
H
non-metaux
1
173.60693161798542 229.27469242174726
210.62360997967076 276.5473798777898
0.0 0.0
0.0 0.0
0.0 0.0
0.0 0.0
0.0 0.0
0.0 0.0
0.0 0.0
0
0
0
1
false
false
false
false
false
false
false
false
8
8
8
0
33
1
1
H
non-metaux
1
222.60693161798542 179.27469242174726
385.6293097225757 131.78548958504845
0.0 0.0
0.0 0.0
0.0 0.0
0.0 0.0
0.0 0.0
0.0 0.0
0.0 0.0
0
0
1
0
false
false
false
false
false
false
false
false
8
8
0
8
33
1
1
H
non-metaux
1
222.60693161798542 279.27469242174726
323.35784508852106 240.47369963723048
0.0 0.0
0.0 0.0
0.0 0.0
0.0 0.0
0.0 0.0
0.0 0.0
0.0 0.0
1
0
0
0
false
false
false
false
false
false
false
false
0
8
8
8
33
1
8
O
non-metaux
6
270.6069316179854 229.27469242174726
272.6069316179854 187.27469242174726
286.6069316179854 187.27469242174726
281.6736633790368 201.98587358307782
260.6069316179854 204.27469242174726
286.6069316179854 234.27469242174726
272.6069316179854 234.27469242174726
299.6069316179854 204.27469242174726
0.0 0.0
0
1
0
1
true
true
false
false
true
true
false
false
8
0
8
5
33
1
1
H
non-metaux
1
320.6069316179854 229.27469242174726
513.1436919510213 39.98806715837128
0.0 0.0
0.0 0.0
0.0 0.0
0.0 0.0
0.0 0.0
0.0 0.0
0.0 0.0
0
1
0
0
false
false
false
false
false
false
false
false
8
4
8
8
End