5
39
1
6
C
non-metaux
4
335.09289576165673 210.3773133903112
336.09289576165673 168.3773133903112
0.0 0.0
325.09289576165673 199.3773133903112
0.0 0.0
142.90270163560396 480.1223289250158
0.0 0.0
362.09289576165673 185.3773133903112
0.0 0.0
1
1
1
1
false
false
false
false
false
false
false
false
3
4
1
2
39
1
1
H
non-metaux
1
335.09289576165673 260.3773133903112
337.09289576165673 218.3773133903112
0.0 0.0
0.0 0.0
0.0 0.0
0.0 0.0
0.0 0.0
0.0 0.0
0.0 0.0
1
0
0
0
false
false
false
false
false
false
false
false
0
8
8
8
39
1
1
H
non-metaux
1
383.09289576165673 210.3773133903112
505.7306253211442 104.50279263899017
0.0 0.0
0.0 0.0
0.0 0.0
0.0 0.0
0.0 0.0
0.0 0.0
0.0 0.0
0
1
0
0
false
false
false
false
false
false
false
false
8
0
8
8
39
1
1
H
non-metaux
1
335.09289576165673 160.3773133903112
157.5732512200576 39.53944149411882
0.0 0.0
0.0 0.0
0.0 0.0
0.0 0.0
0.0 0.0
0.0 0.0
0.0 0.0
0
0
1
0
false
false
false
false
false
false
false
false
8
8
0
8
39
1
1
H
non-metaux
1
286.09289576165673 210.3773133903112
338.457549863915 332.1385677076764
0.0 0.0
0.0 0.0
0.0 0.0
0.0 0.0
0.0 0.0
0.0 0.0
0.0 0.0
0
0
0
1
false
false
false
false
false
false
false
false
8
8
8
0
End