5
44
1
6
C
non-metaux
4
337.94594290825916 339.6759075749507
338.94594290825916 297.6759075749507
0.0 0.0
327.94594290825916 328.6759075749507
0.0 0.0
352.94594290825916 344.6759075749507
0.0 0.0
364.94594290825916 314.6759075749507
0.0 0.0
1
1
1
1
false
false
false
false
false
false
false
false
3
1
2
4
44
1
1
H
non-metaux
1
288.94594290825916 339.6759075749507
385.3984112713109 170.86890238597746
0.0 0.0
0.0 0.0
0.0 0.0
0.0 0.0
0.0 0.0
0.0 0.0
0.0 0.0
0
0
0
1
false
false
false
false
false
false
false
false
8
8
8
0
44
1
17
Cl
halogenes
7
337.94594290825916 389.6759075749507
488.05579336465473 477.82345386008944
358.94594290825916 347.6759075749507
327.94594290825916 378.6759075749507
327.94594290825916 364.6759075749507
358.94594290825916 394.6759075749507
344.94594290825916 394.6759075749507
375.94594290825916 364.6759075749507
375.94594290825916 378.6759075749507
1
0
0
0
false
false
true
true
true
true
true
true
0
8
8
8
44
1
17
Cl
halogenes
7
337.94594290825916 289.6759075749507
344.94594290825916 247.6759075749507
358.94594290825916 247.6759075749507
327.94594290825916 278.6759075749507
327.94594290825916 264.6759075749507
200.3397205287786 75.49829198777988
344.94594290825916 294.6759075749507
375.94594290825916 264.6759075749507
375.94594290825916 278.6759075749507
0
0
1
0
true
true
true
true
false
false
true
true
8
8
0
8
44
1
17
Cl
halogenes
7
385.94594290825916 339.6759075749507
392.94594290825916 297.6759075749507
406.94594290825916 297.6759075749507
348.1936526220904 506.0412276552031
375.94594290825916 314.6759075749507
406.94594290825916 344.6759075749507
392.94594290825916 344.6759075749507
423.94594290825916 314.6759075749507
423.94594290825916 328.6759075749507
0
1
0
0
true
true
false
false
true
true
true
true
8
0
8
8
End