2
51
1
17
Cl
halogenes
7
319.6703024195155 153.53537207529163
326.6703024195155 111.53537207529163
340.6703024195155 111.53537207529163
91.17361471076691 440.145236301588
309.6703024195155 128.53537207529163
340.6703024195155 158.53537207529163
326.6703024195155 158.53537207529163
357.6703024195155 128.53537207529163
357.6703024195155 142.53537207529163
0
1
0
0
true
true
false
false
true
true
true
true
8
1
8
8
51
1
17
Cl
halogenes
7
260.6703024195155 153.53537207529163
267.6703024195155 111.53537207529163
281.6703024195155 111.53537207529163
250.6703024195155 142.53537207529163
250.6703024195155 128.53537207529163
281.6703024195155 158.53537207529163
267.6703024195155 158.53537207529163
298.6703024195155 128.53537207529163
0.0 0.0
0
0
0
1
true
true
true
true
true
true
false
false
8
8
8
0
End