3
56
1
6
C
non-metaux
4
262.0222229214251 96.65977547098495
263.0222229214251 54.659775470984954
0.0 0.0
388.83103846488495 350.8512642894646
0.0 0.0
413.83103846488495 366.8512642894646
0.0 0.0
425.83103846488495 336.8512642894646
0.0 0.0
0
2
0
2
false
false
false
false
false
false
false
false
8
2
8
1
56
1
8
O
non-metaux
6
310.0222229214251 96.65977547098495
312.0222229214251 54.659775470984954
326.0222229214251 54.659775470984954
300.0222229214251 85.65977547098495
300.0222229214251 71.65977547098495
326.0222229214251 101.65977547098495
0.0 0.0
339.0222229214251 71.65977547098495
339.0222229214251 85.65977547098495
0
2
0
0
true
true
false
false
false
false
true
true
8
0
8
8
56
1
8
O
non-metaux
6
212.0222229214251 96.65977547098495
214.0222229214251 54.659775470984954
228.0222229214251 54.659775470984954
202.0222229214251 85.65977547098495
202.0222229214251 71.65977547098495
364.83103846488495 366.8512642894646
0.0 0.0
356.8796980187566 449.57887032132317
0.0 0.0
0
0
0
2
true
true
true
true
false
false
false
false
8
8
8
0
End