3
59
1
6
C
non-metaux
4
173.58941891898286 263.01181472420916
174.58941891898286 221.01181472420916
0.0 0.0
46.82255844454042 507.8329091394055
0.0 0.0
188.58941891898286 268.01181472420916
0.0 0.0
200.58941891898286 238.01181472420916
0.0 0.0
0
2
0
2
false
false
false
false
false
false
false
false
8
2
8
1
59
1
16
S
non-metaux
6
221.58941891898286 263.01181472420916
220.58941891898286 221.01181472420916
234.58941891898286 221.01181472420916
113.47001947381 73.52680684474817
211.58941891898286 238.01181472420916
234.58941891898286 268.01181472420916
0.0 0.0
243.58941891898286 238.01181472420916
243.58941891898286 252.01181472420916
0
2
0
0
true
true
false
false
false
false
true
true
8
0
8
8
59
1
16
S
non-metaux
6
130.58941891898286 263.01181472420916
129.58941891898286 221.01181472420916
143.58941891898286 221.01181472420916
120.58941891898286 252.01181472420916
120.58941891898286 238.01181472420916
143.58941891898286 268.01181472420916
0.0 0.0
152.58941891898286 238.01181472420916
0.0 0.0
0
0
0
2
true
true
true
true
false
false
false
false
8
8
8
0
End