24
66
1
6
C
non-metaux
4
371.1473163306823 280.48165716580695
372.1473163306823 238.48165716580695
0.0 0.0
411.9882695921629 199.18242449206437
0.0 0.0
386.1473163306823 285.48165716580695
0.0 0.0
398.1473163306823 255.48165716580695
0.0 0.0
1
1
0
2
false
false
false
false
false
false
false
false
18
5
8
19
66
1
6
C
non-metaux
4
131.14731633068232 280.48165716580695
132.14731633068232 238.48165716580695
0.0 0.0
121.14731633068232 269.48165716580695
0.0 0.0
146.14731633068232 285.48165716580695
0.0 0.0
260.80455355932577 63.62182253210395
0.0 0.0
1
1
1
1
false
false
false
false
false
false
false
false
8
6
12
3
66
1
6
C
non-metaux
4
275.1473163306823 280.48165716580695
276.1473163306823 238.48165716580695
0.0 0.0
122.83743289757226 203.91030594794384
0.0 0.0
290.1473163306823 285.48165716580695
0.0 0.0
302.1473163306823 255.48165716580695
0.0 0.0
1
1
1
1
false
false
false
false
false
false
false
false
10
4
14
5
66
1
6
C
non-metaux
4
179.14731633068232 280.48165716580695
180.14731633068232 238.48165716580695
0.0 0.0
169.14731633068232 269.48165716580695
0.0 0.0
194.14731633068232 285.48165716580695
0.0 0.0
102.39966050626319 493.9517269869543
0.0 0.0
1
1
1
1
false
false
false
false
false
false
false
false
11
1
13
4
66
1
6
C
non-metaux
4
227.14731633068232 280.48165716580695
228.14731633068232 238.48165716580695
0.0 0.0
217.14731633068232 269.48165716580695
0.0 0.0
242.14731633068232 285.48165716580695
0.0 0.0
254.1473163306823 255.48165716580695
0.0 0.0
1
1
1
1
false
false
false
false
false
false
false
false
9
3
15
2
66
1
6
C
non-metaux
4
323.1473163306823 280.48165716580695
324.1473163306823 238.48165716580695
0.0 0.0
411.01753068505894 274.89811964515025
0.0 0.0
338.1473163306823 285.48165716580695
0.0 0.0
350.1473163306823 255.48165716580695
0.0 0.0
1
1
1
1
false
false
false
false
false
false
false
false
17
2
16
0
66
1
8
O
non-metaux
6
81.14731633068232 280.48165716580695
83.14731633068232 238.48165716580695
97.14731633068232 238.48165716580695
71.14731633068232 269.48165716580695
71.14731633068232 255.48165716580695
97.14731633068232 285.48165716580695
83.14731633068232 285.48165716580695
225.25768585632633 93.95698953666702
0.0 0.0
0
1
0
1
true
true
false
false
true
true
false
false
8
7
8
1
66
1
1
H
non-metaux
1
32.147316330682315 280.48165716580695
354.07291679765706 392.0563785059903
0.0 0.0
0.0 0.0
0.0 0.0
0.0 0.0
0.0 0.0
0.0 0.0
0.0 0.0
0
0
0
1
false
false
false
false
false
false
false
false
8
8
8
6
66
1
1
H
non-metaux
1
131.14731633068232 230.48165716580695
467.81679592033936 100.34475522828672
0.0 0.0
0.0 0.0
0.0 0.0
0.0 0.0
0.0 0.0
0.0 0.0
0.0 0.0
0
0
1
0
false
false
false
false
false
false
false
false
8
8
1
8
66
1
1
H
non-metaux
1
227.14731633068232 230.48165716580695
213.4530317465787 42.84939981575778
0.0 0.0
0.0 0.0
0.0 0.0
0.0 0.0
0.0 0.0
0.0 0.0
0.0 0.0
0
0
1
0
false
false
false
false
false
false
false
false
8
8
4
8
66
1
1
H
non-metaux
1
275.1473163306823 230.48165716580695
44.21826052253222 342.07054722085815
0.0 0.0
0.0 0.0
0.0 0.0
0.0 0.0
0.0 0.0
0.0 0.0
0.0 0.0
0
0
1
0
false
false
false
false
false
false
false
false
8
8
2
8
66
1
1
H
non-metaux
1
179.14731633068232 230.48165716580695
116.27210028431469 93.99248389811979
0.0 0.0
0.0 0.0
0.0 0.0
0.0 0.0
0.0 0.0
0.0 0.0
0.0 0.0
0
0
1
0
false
false
false
false
false
false
false
false
8
8
3
8
66
1
1
H
non-metaux
1
131.14731633068232 330.48165716580695
359.91718211303476 399.3422363524239
0.0 0.0
0.0 0.0
0.0 0.0
0.0 0.0
0.0 0.0
0.0 0.0
0.0 0.0
1
0
0
0
false
false
false
false
false
false
false
false
1
8
8
8
66
1
8
O
non-metaux
6
179.14731633068232 330.48165716580695
342.7298181295706 383.5598808699842
195.14731633068232 288.48165716580695
169.14731633068232 319.48165716580695
169.14731633068232 305.48165716580695
195.14731633068232 335.48165716580695
0.0 0.0
208.14731633068232 305.48165716580695
208.14731633068232 319.48165716580695
1
0
1
0
false
false
true
true
false
false
true
true
3
8
20
8
66
1
8
O
non-metaux
6
275.1473163306823 330.48165716580695
502.7425329958628 1.8776890010923495
291.1473163306823 288.48165716580695
265.1473163306823 319.48165716580695
265.1473163306823 305.48165716580695
291.1473163306823 335.48165716580695
0.0 0.0
304.1473163306823 305.48165716580695
304.1473163306823 319.48165716580695
1
0
1
0
false
false
true
true
false
false
true
true
2
8
21
8
66
1
8
O
non-metaux
6
227.14731633068232 330.48165716580695
448.714326079399 147.04513578389572
243.14731633068232 288.48165716580695
217.14731633068232 319.48165716580695
217.14731633068232 305.48165716580695
243.14731633068232 335.48165716580695
0.0 0.0
256.1473163306823 305.48165716580695
256.1473163306823 319.48165716580695
1
0
1
0
false
false
true
true
false
false
true
true
4
8
23
8
66
1
8
O
non-metaux
6
323.1473163306823 330.48165716580695
491.1867812139364 283.3497914527915
339.1473163306823 288.48165716580695
313.1473163306823 319.48165716580695
313.1473163306823 305.48165716580695
339.1473163306823 335.48165716580695
0.0 0.0
352.1473163306823 305.48165716580695
352.1473163306823 319.48165716580695
1
0
1
0
false
false
true
true
false
false
true
true
5
8
22
8
66
1
1
H
non-metaux
1
323.1473163306823 230.48165716580695
423.3277330985737 134.82631610148005
0.0 0.0
0.0 0.0
0.0 0.0
0.0 0.0
0.0 0.0
0.0 0.0
0.0 0.0
0
0
1
0
false
false
false
false
false
false
false
false
8
8
5
8
66
1
1
H
non-metaux
1
371.1473163306823 230.48165716580695
97.2518815155002 373.73949160468027
0.0 0.0
0.0 0.0
0.0 0.0
0.0 0.0
0.0 0.0
0.0 0.0
0.0 0.0
0
0
1
0
false
false
false
false
false
false
false
false
8
8
0
8
66
1
8
O
non-metaux
6
419.1473163306823 280.48165716580695
421.1473163306823 238.48165716580695
435.1473163306823 238.48165716580695
306.40624970697303 111.48104489114456
409.1473163306823 255.48165716580695
435.1473163306823 285.48165716580695
421.1473163306823 285.48165716580695
448.1473163306823 255.48165716580695
0.0 0.0
0
2
0
0
true
true
false
false
true
true
false
false
8
0
8
8
66
1
1
H
non-metaux
1
179.14731633068232 380.48165716580695
180.62944534938316 412.392838284322
0.0 0.0
0.0 0.0
0.0 0.0
0.0 0.0
0.0 0.0
0.0 0.0
0.0 0.0
1
0
0
0
false
false
false
false
false
false
false
false
13
8
8
8
66
1
1
H
non-metaux
1
275.1473163306823 380.48165716580695
220.6627813523209 10.504563466154224
0.0 0.0
0.0 0.0
0.0 0.0
0.0 0.0
0.0 0.0
0.0 0.0
0.0 0.0
1
0
0
0
false
false
false
false
false
false
false
false
14
8
8
8
66
1
1
H
non-metaux
1
323.1473163306823 380.48165716580695
52.4532815777259 5.388740683008805
0.0 0.0
0.0 0.0
0.0 0.0
0.0 0.0
0.0 0.0
0.0 0.0
0.0 0.0
1
0
0
0
false
false
false
false
false
false
false
false
16
8
8
8
66
1
1
H
non-metaux
1
227.14731633068232 380.48165716580695
436.02841016531045 424.18713802283037
0.0 0.0
0.0 0.0
0.0 0.0
0.0 0.0
0.0 0.0
0.0 0.0
0.0 0.0
1
0
0
0
false
false
false
false
false
false
false
false
15
8
8
8
End