24
34
1
6
C
non-metaux
4
370.614890725328 333.5604485974248
371.614890725328 291.5604485974248
0.0 0.0
327.85111025210887 156.83844684070027
0.0 0.0
385.614890725328 338.5604485974248
0.0 0.0
397.614890725328 308.5604485974248
397.614890725328 322.5604485974248
1
1
0
2
false
false
false
false
false
false
false
false
22
3
8
23
34
1
6
C
non-metaux
4
274.614890725328 333.5604485974248
275.614890725328 291.5604485974248
0.0 0.0
100.83676598893612 338.8479885234522
0.0 0.0
289.614890725328 338.5604485974248
0.0 0.0
301.614890725328 308.5604485974248
0.0 0.0
1
1
1
1
false
false
false
false
false
false
false
false
9
4
15
3
34
1
6
C
non-metaux
4
130.614890725328 333.5604485974248
131.614890725328 291.5604485974248
0.0 0.0
120.614890725328 322.5604485974248
0.0 0.0
145.614890725328 338.5604485974248
0.0 0.0
428.4332565955445 38.99111213919264
0.0 0.0
1
1
1
1
false
false
false
false
false
false
false
false
6
11
14
5
34
1
6
C
non-metaux
4
322.614890725328 333.5604485974248
323.614890725328 291.5604485974248
0.0 0.0
365.76224046148144 384.9812785899635
0.0 0.0
337.614890725328 338.5604485974248
0.0 0.0
349.614890725328 308.5604485974248
0.0 0.0
1
1
1
1
false
false
false
false
false
false
false
false
7
1
16
0
34
1
6
C
non-metaux
4
226.614890725328 333.5604485974248
227.614890725328 291.5604485974248
0.0 0.0
244.40892998786006 285.0410476117595
0.0 0.0
241.614890725328 338.5604485974248
0.0 0.0
253.61489072532802 308.5604485974248
0.0 0.0
1
1
1
1
false
false
false
false
false
false
false
false
8
5
13
1
34
1
6
C
non-metaux
4
178.614890725328 333.5604485974248
179.614890725328 291.5604485974248
0.0 0.0
168.614890725328 322.5604485974248
0.0 0.0
193.614890725328 338.5604485974248
0.0 0.0
205.61489072532802 308.5604485974248
0.0 0.0
1
1
1
1
false
false
false
false
false
false
false
false
10
2
12
4
34
1
1
H
non-metaux
1
130.614890725328 283.5604485974248
148.97328910976418 435.32762252772443
0.0 0.0
0.0 0.0
0.0 0.0
0.0 0.0
0.0 0.0
0.0 0.0
0.0 0.0
0
0
1
0
false
false
false
false
false
false
false
false
8
8
2
8
34
1
1
H
non-metaux
1
322.614890725328 283.5604485974248
504.9048512068056 35.49152107389227
0.0 0.0
0.0 0.0
0.0 0.0
0.0 0.0
0.0 0.0
0.0 0.0
0.0 0.0
0
0
1
0
false
false
false
false
false
false
false
false
8
8
3
8
34
1
1
H
non-metaux
1
226.614890725328 283.5604485974248
411.1510182585119 378.4411981754203
0.0 0.0
0.0 0.0
0.0 0.0
0.0 0.0
0.0 0.0
0.0 0.0
0.0 0.0
0
0
1
0
false
false
false
false
false
false
false
false
8
8
4
8
34
1
1
H
non-metaux
1
274.614890725328 283.5604485974248
421.6780049440882 36.70824830551996
0.0 0.0
0.0 0.0
0.0 0.0
0.0 0.0
0.0 0.0
0.0 0.0
0.0 0.0
0
0
1
0
false
false
false
false
false
false
false
false
8
8
1
8
34
1
1
H
non-metaux
1
178.614890725328 283.5604485974248
233.10397751952743 444.5355395824985
0.0 0.0
0.0 0.0
0.0 0.0
0.0 0.0
0.0 0.0
0.0 0.0
0.0 0.0
0
0
1
0
false
false
false
false
false
false
false
false
8
8
5
8
34
1
1
H
non-metaux
1
81.614890725328 333.5604485974248
78.26811100297202 458.71988439207905
0.0 0.0
0.0 0.0
0.0 0.0
0.0 0.0
0.0 0.0
0.0 0.0
0.0 0.0
0
0
0
1
false
false
false
false
false
false
false
false
8
8
8
2
34
1
8
O
non-metaux
6
178.614890725328 383.5604485974248
213.9948925738441 134.39821381269383
194.614890725328 341.5604485974248
168.614890725328 372.5604485974248
168.614890725328 358.5604485974248
194.614890725328 388.5604485974248
0.0 0.0
207.614890725328 358.5604485974248
207.614890725328 372.5604485974248
1
0
1
0
false
false
true
true
false
false
true
true
5
8
19
8
34
1
8
O
non-metaux
6
226.614890725328 383.5604485974248
326.67233199442785 423.875091374025
242.614890725328 341.5604485974248
216.614890725328 372.5604485974248
216.614890725328 358.5604485974248
242.614890725328 388.5604485974248
0.0 0.0
255.614890725328 358.5604485974248
255.614890725328 372.5604485974248
1
0
1
0
false
false
true
true
false
false
true
true
4
8
18
8
34
1
8
O
non-metaux
6
130.614890725328 383.5604485974248
145.23115437541608 475.78351129385555
146.614890725328 341.5604485974248
120.614890725328 372.5604485974248
120.614890725328 358.5604485974248
146.614890725328 388.5604485974248
0.0 0.0
159.614890725328 358.5604485974248
159.614890725328 372.5604485974248
1
0
1
0
false
false
true
true
false
false
true
true
2
8
21
8
34
1
8
O
non-metaux
6
274.614890725328 383.5604485974248
351.73004699914566 175.33380414338396
290.614890725328 341.5604485974248
264.614890725328 372.5604485974248
264.614890725328 358.5604485974248
290.614890725328 388.5604485974248
0.0 0.0
303.614890725328 358.5604485974248
303.614890725328 372.5604485974248
1
0
1
0
false
false
true
true
false
false
true
true
1
8
17
8
34
1
8
O
non-metaux
6
322.614890725328 383.5604485974248
512.5220441782328 254.3424864747384
338.614890725328 341.5604485974248
312.614890725328 372.5604485974248
312.614890725328 358.5604485974248
338.614890725328 388.5604485974248
0.0 0.0
351.614890725328 358.5604485974248
351.614890725328 372.5604485974248
1
0
1
0
false
false
true
true
false
false
true
true
3
8
20
8
34
1
1
H
non-metaux
1
274.614890725328 433.5604485974248
510.4611284747334 152.6875251573605
0.0 0.0
0.0 0.0
0.0 0.0
0.0 0.0
0.0 0.0
0.0 0.0
0.0 0.0
1
0
0
0
false
false
false
false
false
false
false
false
15
8
8
8
34
1
1
H
non-metaux
1
226.614890725328 433.5604485974248
325.8785087403633 162.78421320835702
0.0 0.0
0.0 0.0
0.0 0.0
0.0 0.0
0.0 0.0
0.0 0.0
0.0 0.0
1
0
0
0
false
false
false
false
false
false
false
false
13
8
8
8
34
1
1
H
non-metaux
1
178.614890725328 433.5604485974248
380.6930246756471 475.2711763157238
0.0 0.0
0.0 0.0
0.0 0.0
0.0 0.0
0.0 0.0
0.0 0.0
0.0 0.0
1
0
0
0
false
false
false
false
false
false
false
false
12
8
8
8
34
1
1
H
non-metaux
1
322.614890725328 433.5604485974248
45.237185428886136 91.75860216437923
0.0 0.0
0.0 0.0
0.0 0.0
0.0 0.0
0.0 0.0
0.0 0.0
0.0 0.0
1
0
0
0
false
false
false
false
false
false
false
false
16
8
8
8
34
1
1
H
non-metaux
1
130.614890725328 433.5604485974248
195.30721533198584 418.08715066666775
0.0 0.0
0.0 0.0
0.0 0.0
0.0 0.0
0.0 0.0
0.0 0.0
0.0 0.0
1
0
0
0
false
false
false
false
false
false
false
false
14
8
8
8
34
1
1
H
non-metaux
1
370.614890725328 283.5604485974248
53.66920456890075 61.87984188565332
0.0 0.0
0.0 0.0
0.0 0.0
0.0 0.0
0.0 0.0
0.0 0.0
0.0 0.0
0
0
1
0
false
false
false
false
false
false
false
false
8
8
0
8
34
1
8
O
non-metaux
6
418.614890725328 333.5604485974248
420.614890725328 291.5604485974248
434.614890725328 291.5604485974248
500.62717128540515 211.56475569553422
408.614890725328 308.5604485974248
434.614890725328 338.5604485974248
0.0 0.0
447.614890725328 308.5604485974248
447.614890725328 322.5604485974248
0
2
0
0
true
true
false
false
false
false
true
true
8
0
8
8
End