20
90
1
6
C
non-metaux
4
238.367894269828 469.28332456109376
239.367894269828 427.28332456109376
0.0 0.0
222.17685596192806 420.62623320252214
0.0 0.0
253.367894269828 474.28332456109376
0.0 0.0
258.4628861369788 293.921917498336
0.0 0.0
1
1
1
1
false
false
false
false
false
false
false
false
16
3
11
1
90
1
6
C
non-metaux
4
286.367894269828 469.28332456109376
287.367894269828 427.28332456109376
0.0 0.0
374.1403732366692 465.63957318906563
0.0 0.0
301.367894269828 474.28332456109376
0.0 0.0
306.4628861369788 293.921917498336
0.0 0.0
1
1
1
1
false
false
false
false
false
false
false
false
18
0
10
2
90
1
6
C
non-metaux
4
334.367894269828 469.28332456109376
335.367894269828 427.28332456109376
0.0 0.0
44.34041083603031 439.1603933655865
0.0 0.0
349.367894269828 474.28332456109376
0.0 0.0
361.367894269828 444.28332456109376
0.0 0.0
0
1
1
2
false
false
false
false
false
false
false
false
8
1
15
19
90
1
6
C
non-metaux
4
190.367894269828 469.28332456109376
191.367894269828 427.28332456109376
0.0 0.0
232.0812985877281 242.22280701376803
0.0 0.0
205.367894269828 474.28332456109376
0.0 0.0
210.4628861369788 293.921917498336
0.0 0.0
1
1
1
1
false
false
false
false
false
false
false
false
17
4
9
0
90
1
6
C
non-metaux
4
142.367894269828 469.28332456109376
143.367894269828 427.28332456109376
0.0 0.0
125.4628861369788 307.921917498336
0.0 0.0
157.367894269828 474.28332456109376
0.0 0.0
162.4628861369788 293.921917498336
0.0 0.0
1
1
1
1
false
false
false
false
false
false
false
false
7
5
8
3
90
1
8
O
non-metaux
6
92.36789426982801 469.28332456109376
94.36789426982801 427.28332456109376
108.36789426982801 427.28332456109376
82.36789426982801 458.28332456109376
82.36789426982801 444.28332456109376
108.36789426982801 474.28332456109376
94.36789426982801 474.28332456109376
121.36789426982801 444.28332456109376
0.0 0.0
0
1
0
1
true
true
false
false
true
true
false
false
8
6
8
4
90
1
1
H
non-metaux
1
43.367894269828014 469.28332456109376
477.8313277303856 361.7079649547975
0.0 0.0
0.0 0.0
0.0 0.0
0.0 0.0
0.0 0.0
0.0 0.0
0.0 0.0
0
0
0
1
false
false
false
false
false
false
false
false
8
8
8
5
90
1
1
H
non-metaux
1
142.367894269828 419.28332456109376
264.40471575783226 294.2652532605783
0.0 0.0
0.0 0.0
0.0 0.0
0.0 0.0
0.0 0.0
0.0 0.0
0.0 0.0
0
0
1
0
false
false
false
false
false
false
false
false
8
8
4
8
90
1
1
H
non-metaux
1
142.367894269828 519.2833245610938
464.1399026371271 157.67481297154936
0.0 0.0
0.0 0.0
0.0 0.0
0.0 0.0
0.0 0.0
0.0 0.0
0.0 0.0
1
0
0
0
false
false
false
false
false
false
false
false
4
8
8
8
90
1
8
O
non-metaux
6
190.367894269828 519.2833245610938
64.73731783619105 337.2550321236794
206.367894269828 477.28332456109376
180.367894269828 508.28332456109376
180.367894269828 494.28332456109376
206.367894269828 524.2833245610938
0.0 0.0
219.367894269828 494.28332456109376
219.367894269828 508.28332456109376
1
0
1
0
false
false
true
true
false
false
true
true
3
8
12
8
90
1
8
O
non-metaux
6
286.367894269828 519.2833245610938
514.0949932596184 228.65516017471163
302.367894269828 477.28332456109376
276.367894269828 508.28332456109376
276.367894269828 494.28332456109376
302.367894269828 524.2833245610938
0.0 0.0
315.367894269828 494.28332456109376
315.367894269828 508.28332456109376
1
0
1
0
false
false
true
true
false
false
true
true
1
8
14
8
90
1
8
O
non-metaux
6
238.367894269828 519.2833245610938
396.41484708132606 179.21790680442413
254.367894269828 477.28332456109376
228.367894269828 508.28332456109376
228.367894269828 494.28332456109376
254.367894269828 524.2833245610938
0.0 0.0
267.367894269828 494.28332456109376
267.367894269828 508.28332456109376
1
0
1
0
false
false
true
true
false
false
true
true
0
8
13
8
90
1
1
H
non-metaux
1
190.367894269828 569.2833245610938
473.6911736993741 3.6199196642812765
0.0 0.0
0.0 0.0
0.0 0.0
0.0 0.0
0.0 0.0
0.0 0.0
0.0 0.0
1
0
0
0
false
false
false
false
false
false
false
false
9
8
8
8
90
1
1
H
non-metaux
1
238.367894269828 569.2833245610938
428.6488731414431 446.22258878005084
0.0 0.0
0.0 0.0
0.0 0.0
0.0 0.0
0.0 0.0
0.0 0.0
0.0 0.0
1
0
0
0
false
false
false
false
false
false
false
false
11
8
8
8
90
1
1
H
non-metaux
1
286.367894269828 569.2833245610938
69.50893578490049 126.62287629894627
0.0 0.0
0.0 0.0
0.0 0.0
0.0 0.0
0.0 0.0
0.0 0.0
0.0 0.0
1
0
0
0
false
false
false
false
false
false
false
false
10
8
8
8
90
1
1
H
non-metaux
1
334.367894269828 519.2833245610938
384.84377234331873 316.71808974080903
0.0 0.0
0.0 0.0
0.0 0.0
0.0 0.0
0.0 0.0
0.0 0.0
0.0 0.0
1
0
0
0
false
false
false
false
false
false
false
false
2
8
8
8
90
1
1
H
non-metaux
1
238.367894269828 419.28332456109376
367.74451169749335 326.74767822115626
0.0 0.0
0.0 0.0
0.0 0.0
0.0 0.0
0.0 0.0
0.0 0.0
0.0 0.0
0
0
1
0
false
false
false
false
false
false
false
false
8
8
0
8
90
1
1
H
non-metaux
1
190.367894269828 419.28332456109376
285.1573588219944 268.0231577732565
0.0 0.0
0.0 0.0
0.0 0.0
0.0 0.0
0.0 0.0
0.0 0.0
0.0 0.0
0
0
1
0
false
false
false
false
false
false
false
false
8
8
3
8
90
1
1
H
non-metaux
1
286.367894269828 419.28332456109376
459.1476480819852 393.9043268873321
0.0 0.0
0.0 0.0
0.0 0.0
0.0 0.0
0.0 0.0
0.0 0.0
0.0 0.0
0
0
1
0
false
false
false
false
false
false
false
false
8
8
1
8
90
1
8
O
non-metaux
6
382.367894269828 469.28332456109376
384.367894269828 427.28332456109376
398.367894269828 427.28332456109376
272.49152472548553 273.3911453669309
372.367894269828 444.28332456109376
398.367894269828 474.28332456109376
0.0 0.0
411.367894269828 444.28332456109376
411.367894269828 458.28332456109376
0
2
0
0
true
true
false
false
false
false
true
true
8
2
8
8
End