16
124
1
6
C
non-metaux
4
274.4193344582672 257.4064549990993
275.4193344582672 215.4064549990993
0.0 0.0
264.4193344582672 246.4064549990993
0.0 0.0
289.4193344582672 262.4064549990993
0.0 0.0
238.49816897460437 409.40435427869994
0.0 0.0
1
1
1
1
false
false
false
false
false
false
false
false
13
3
9
1
124
1
6
C
non-metaux
4
322.4193344582672 257.4064549990993
323.4193344582672 215.4064549990993
0.0 0.0
312.4193344582672 246.4064549990993
0.0 0.0
337.4193344582672 262.4064549990993
0.0 0.0
349.4193344582672 232.4064549990993
0.0 0.0
1
1
0
2
false
false
false
false
false
false
false
false
12
0
8
15
124
1
6
C
non-metaux
4
178.4193344582672 257.4064549990993
179.4193344582672 215.4064549990993
0.0 0.0
168.4193344582672 246.4064549990993
0.0 0.0
193.4193344582672 262.4064549990993
0.0 0.0
394.73726926146725 71.90508132264921
0.0 0.0
1
1
1
1
false
false
false
false
false
false
false
false
7
4
6
3
124
1
6
C
non-metaux
4
226.4193344582672 257.4064549990993
227.4193344582672 215.4064549990993
0.0 0.0
216.4193344582672 246.4064549990993
0.0 0.0
241.4193344582672 262.4064549990993
0.0 0.0
108.26005084732114 441.6693569498262
0.0 0.0
1
1
1
1
false
false
false
false
false
false
false
false
14
2
8
0
124
1
8
O
non-metaux
6
128.4193344582672 257.4064549990993
130.4193344582672 215.4064549990993
144.4193344582672 215.4064549990993
118.4193344582672 246.4064549990993
118.4193344582672 232.4064549990993
144.4193344582672 262.4064549990993
130.4193344582672 262.4064549990993
547.6307708608547 352.20319032273255
0.0 0.0
0
1
0
1
true
true
false
false
true
true
false
false
8
5
8
2
124
1
1
H
non-metaux
1
79.4193344582672 257.4064549990993
421.3069392384906 441.28678286447786
0.0 0.0
0.0 0.0
0.0 0.0
0.0 0.0
0.0 0.0
0.0 0.0
0.0 0.0
0
0
0
1
false
false
false
false
false
false
false
false
8
8
8
4
124
1
1
H
non-metaux
1
178.4193344582672 307.4064549990993
235.09665256958422 378.18166995072477
0.0 0.0
0.0 0.0
0.0 0.0
0.0 0.0
0.0 0.0
0.0 0.0
0.0 0.0
1
0
0
0
false
false
false
false
false
false
false
false
2
8
8
8
124
1
1
H
non-metaux
1
178.4193344582672 207.4064549990993
487.3716374669124 226.66028191537862
0.0 0.0
0.0 0.0
0.0 0.0
0.0 0.0
0.0 0.0
0.0 0.0
0.0 0.0
0
0
1
0
false
false
false
false
false
false
false
false
8
8
2
8
124
1
8
O
non-metaux
6
226.4193344582672 307.4064549990993
52.71705527557532 157.13723713883778
242.4193344582672 265.4064549990993
216.4193344582672 296.4064549990993
216.4193344582672 282.4064549990993
242.4193344582672 312.4064549990993
0.0 0.0
255.4193344582672 282.4064549990993
255.4193344582672 296.4064549990993
1
0
1
0
false
false
true
true
false
false
true
true
3
8
11
8
124
1
8
O
non-metaux
6
274.4193344582672 307.4064549990993
129.97409233318024 110.74889529135373
290.4193344582672 265.4064549990993
264.4193344582672 296.4064549990993
264.4193344582672 282.4064549990993
290.4193344582672 312.4064549990993
0.0 0.0
303.4193344582672 282.4064549990993
303.4193344582672 296.4064549990993
1
0
1
0
false
false
true
true
false
false
true
true
0
8
10
8
124
1
1
H
non-metaux
1
274.4193344582672 357.4064549990993
45.2979460549719 108.01668307401042
0.0 0.0
0.0 0.0
0.0 0.0
0.0 0.0
0.0 0.0
0.0 0.0
0.0 0.0
1
0
0
0
false
false
false
false
false
false
false
false
9
8
8
8
124
1
1
H
non-metaux
1
226.4193344582672 357.4064549990993
356.9034187225755 436.05254026105837
0.0 0.0
0.0 0.0
0.0 0.0
0.0 0.0
0.0 0.0
0.0 0.0
0.0 0.0
1
0
0
0
false
false
false
false
false
false
false
false
8
8
8
8
124
1
1
H
non-metaux
1
322.4193344582672 207.4064549990993
455.29964470892605 474.51552420754933
0.0 0.0
0.0 0.0
0.0 0.0
0.0 0.0
0.0 0.0
0.0 0.0
0.0 0.0
0
0
1
0
false
false
false
false
false
false
false
false
8
8
1
8
124
1
1
H
non-metaux
1
274.4193344582672 207.4064549990993
303.84706050718336 412.2476149821656
0.0 0.0
0.0 0.0
0.0 0.0
0.0 0.0
0.0 0.0
0.0 0.0
0.0 0.0
0
0
1
0
false
false
false
false
false
false
false
false
8
8
0
8
124
1
1
H
non-metaux
1
226.4193344582672 207.4064549990993
92.74550234368067 95.53037738550225
0.0 0.0
0.0 0.0
0.0 0.0
0.0 0.0
0.0 0.0
0.0 0.0
0.0 0.0
0
0
1
0
false
false
false
false
false
false
false
false
8
8
3
8
124
1
8
O
non-metaux
6
370.4193344582672 257.4064549990993
372.4193344582672 215.4064549990993
386.4193344582672 215.4064549990993
331.39526237179075 57.45191002008218
360.4193344582672 232.4064549990993
386.4193344582672 262.4064549990993
0.0 0.0
399.4193344582672 232.4064549990993
399.4193344582672 246.4064549990993
0
2
0
0
true
true
false
false
false
false
true
true
8
1
8
8
End