24
231
1
6
C
non-metaux
4
236.7428075078697 191.37799494567753
237.7428075078697 149.37799494567756
0.0 0.0
226.7428075078697 180.37799494567753
0.0 0.0
251.7428075078697 196.37799494567756
0.0 0.0
263.7428075078697 166.37799494567753
0.0 0.0
1
1
1
1
false
false
false
false
false
false
false
false
3
23
5
8
231
1
6
C
non-metaux
4
236.7428075078697 341.37799494567753
233.70070924260284 441.84426229203586
0.0 0.0
226.7428075078697 330.37799494567753
0.0 0.0
251.7428075078697 346.37799494567753
0.0 0.0
263.7428075078697 316.37799494567753
0.0 0.0
1
1
1
1
false
false
false
false
false
false
false
false
4
14
2
7
231
1
6
C
non-metaux
4
236.7428075078697 391.37799494567753
408.5131029570857 426.55535301084916
0.0 0.0
226.7428075078697 380.37799494567753
0.0 0.0
251.7428075078697 396.37799494567753
0.0 0.0
263.7428075078697 366.37799494567753
0.0 0.0
1
1
1
1
false
false
false
false
false
false
false
false
1
15
10
13
231
1
6
C
non-metaux
4
236.7428075078697 141.37799494567753
237.7428075078697 99.37799494567753
0.0 0.0
226.7428075078697 130.37799494567753
0.0 0.0
326.36869111819135 369.2197279956208
0.0 0.0
263.7428075078697 116.37799494567753
0.0 0.0
2
0
1
1
false
false
false
false
false
false
false
false
11
8
0
16
231
1
6
C
non-metaux
4
236.7428075078697 291.37799494567753
183.72105884858647 323.9593322469992
0.0 0.0
226.7428075078697 280.37799494567753
0.0 0.0
251.7428075078697 296.37799494567753
0.0 0.0
263.7428075078697 266.37799494567753
0.0 0.0
1
1
1
1
false
false
false
false
false
false
false
false
5
9
1
22
231
1
6
C
non-metaux
4
236.7428075078697 241.37799494567753
214.25763229271197 28.35800555341666
0.0 0.0
226.7428075078697 230.37799494567753
0.0 0.0
251.7428075078697 246.37799494567756
0.0 0.0
263.7428075078697 216.37799494567753
0.0 0.0
1
1
1
1
false
false
false
false
false
false
false
false
0
6
4
17
231
1
8
O
non-metaux
6
186.7428075078697 241.37799494567753
188.7428075078697 199.37799494567753
202.7428075078697 199.37799494567753
176.7428075078697 230.37799494567753
176.7428075078697 216.37799494567753
202.7428075078697 246.37799494567753
188.7428075078697 246.37799494567753
186.12987421546842 256.85037489288686
0.0 0.0
0
1
0
1
true
true
false
false
true
true
false
false
8
19
8
5
231
1
8
O
non-metaux
6
284.7428075078697 341.37799494567753
286.7428075078697 299.37799494567753
300.7428075078697 299.37799494567753
404.64647857420454 281.6202679443289
274.7428075078697 316.37799494567753
300.7428075078697 346.37799494567753
286.7428075078697 346.37799494567753
313.7428075078697 316.37799494567753
0.0 0.0
0
1
0
1
true
true
false
false
true
true
false
false
8
1
8
12
231
1
8
O
non-metaux
6
284.7428075078697 191.37799494567753
286.7428075078697 149.37799494567753
300.7428075078697 149.37799494567753
164.35529682679777 210.6495830553887
274.7428075078697 166.37799494567753
300.7428075078697 196.37799494567753
286.7428075078697 196.37799494567753
313.7428075078697 166.37799494567753
0.0 0.0
0
1
0
1
true
true
false
false
true
true
false
false
8
0
8
18
231
1
8
O
non-metaux
6
186.7428075078697 291.37799494567753
188.7428075078697 249.37799494567753
202.7428075078697 249.37799494567753
176.7428075078697 280.37799494567753
176.7428075078697 266.37799494567753
202.7428075078697 296.37799494567753
188.7428075078697 296.37799494567753
408.82839325458997 348.7938547026821
0.0 0.0
0
1
0
1
true
true
false
false
true
true
false
false
8
20
8
4
231
1
8
O
non-metaux
6
236.7428075078697 441.37799494567753
390.89564825853796 405.18402900128467
252.7428075078697 399.37799494567753
226.7428075078697 430.37799494567753
226.7428075078697 416.37799494567753
252.7428075078697 446.37799494567753
0.0 0.0
265.7428075078697 416.37799494567753
265.7428075078697 430.37799494567753
1
0
1
0
false
false
true
true
false
false
true
true
2
8
21
8
231
1
8
O
non-metaux
6
236.7428075078697 91.37799494567753
238.7428075078697 49.37799494567753
252.7428075078697 49.37799494567753
226.7428075078697 80.37799494567753
226.7428075078697 66.37799494567753
468.2457213099163 140.30484467225307
0.0 0.0
265.7428075078697 66.37799494567753
0.0 0.0
0
0
2
0
true
true
true
true
false
false
false
false
8
8
3
8
231
1
1
H
non-metaux
1
334.7428075078697 341.37799494567753
513.3268289083453 423.1993967759669
0.0 0.0
0.0 0.0
0.0 0.0
0.0 0.0
0.0 0.0
0.0 0.0
0.0 0.0
0
1
0
0
false
false
false
false
false
false
false
false
8
7
8
8
231
1
1
H
non-metaux
1
284.7428075078697 391.37799494567753
472.2490995422205 470.5834284526818
0.0 0.0
0.0 0.0
0.0 0.0
0.0 0.0
0.0 0.0
0.0 0.0
0.0 0.0
0
1
0
0
false
false
false
false
false
false
false
false
8
2
8
8
231
1
1
H
non-metaux
1
187.7428075078697 341.37799494567753
84.07909568528697 105.65417918032682
0.0 0.0
0.0 0.0
0.0 0.0
0.0 0.0
0.0 0.0
0.0 0.0
0.0 0.0
0
0
0
1
false
false
false
false
false
false
false
false
8
8
8
1
231
1
1
H
non-metaux
1
187.7428075078697 391.37799494567753
51.683052938394084 460.54111462306827
0.0 0.0
0.0 0.0
0.0 0.0
0.0 0.0
0.0 0.0
0.0 0.0
0.0 0.0
0
0
0
1
false
false
false
false
false
false
false
false
8
8
8
2
231
1
1
H
non-metaux
1
284.7428075078697 141.37799494567753
508.74620835727137 80.21551973205955
0.0 0.0
0.0 0.0
0.0 0.0
0.0 0.0
0.0 0.0
0.0 0.0
0.0 0.0
0
1
0
0
false
false
false
false
false
false
false
false
8
3
8
8
231
1
1
H
non-metaux
1
284.7428075078697 241.37799494567753
440.9304279922761 265.34871649937037
0.0 0.0
0.0 0.0
0.0 0.0
0.0 0.0
0.0 0.0
0.0 0.0
0.0 0.0
0
1
0
0
false
false
false
false
false
false
false
false
8
5
8
8
231
1
1
H
non-metaux
1
334.7428075078697 191.37799494567753
367.9726307671673 3.9624910637631956
0.0 0.0
0.0 0.0
0.0 0.0
0.0 0.0
0.0 0.0
0.0 0.0
0.0 0.0
0
1
0
0
false
false
false
false
false
false
false
false
8
8
8
8
231
1
1
H
non-metaux
1
137.7428075078697 241.37799494567753
118.83256599663517 9.032535501372749
0.0 0.0
0.0 0.0
0.0 0.0
0.0 0.0
0.0 0.0
0.0 0.0
0.0 0.0
0
0
0
1
false
false
false
false
false
false
false
false
8
8
8
6
231
1
1
H
non-metaux
1
137.7428075078697 291.37799494567753
107.41092468162029 228.67171526319976
0.0 0.0
0.0 0.0
0.0 0.0
0.0 0.0
0.0 0.0
0.0 0.0
0.0 0.0
0
0
0
1
false
false
false
false
false
false
false
false
8
8
8
9
231
1
1
H
non-metaux
1
236.7428075078697 491.37799494567753
271.95254455972616 460.3582232018545
0.0 0.0
0.0 0.0
0.0 0.0
0.0 0.0
0.0 0.0
0.0 0.0
0.0 0.0
1
0
0
0
false
false
false
false
false
false
false
false
10
8
8
8
231
1
1
H
non-metaux
1
284.7428075078697 291.37799494567753
322.77415535246047 362.42637690482314
0.0 0.0
0.0 0.0
0.0 0.0
0.0 0.0
0.0 0.0
0.0 0.0
0.0 0.0
0
1
0
0
false
false
false
false
false
false
false
false
8
4
8
8
231
1
1
H
non-metaux
1
187.7428075078697 191.37799494567753
187.5547167532203 17.63593298250737
0.0 0.0
0.0 0.0
0.0 0.0
0.0 0.0
0.0 0.0
0.0 0.0
0.0 0.0
0
0
0
1
false
false
false
false
false
false
false
false
8
8
8
0
End