24
140
1
6
C
non-metaux
4
186.6912149943305 366.1111165492983
187.6912149943305 324.1111165492983
0.0 0.0
176.6912149943305 355.1111165492983
0.0 0.0
201.6912149943305 371.1111165492983
0.0 0.0
213.6912149943305 341.1111165492983
0.0 0.0
1
1
1
1
false
false
false
false
false
false
false
false
16
22
17
2
140
1
6
C
non-metaux
4
378.6912149943305 366.1111165492983
379.6912149943305 324.1111165492983
0.0 0.0
453.1599177498341 114.97878108262954
0.0 0.0
393.6912149943305 371.1111165492983
0.0 0.0
405.6912149943305 341.1111165492983
0.0 0.0
1
1
1
1
false
false
false
false
false
false
false
false
8
3
14
5
140
1
6
C
non-metaux
4
234.6912149943305 366.1111165492983
235.6912149943305 324.1111165492983
0.0 0.0
291.03729974947953 320.4434815369104
0.0 0.0
249.6912149943305 371.1111165492983
0.0 0.0
261.6912149943305 341.1111165492983
0.0 0.0
1
1
1
1
false
false
false
false
false
false
false
false
9
0
13
4
140
1
6
C
non-metaux
4
330.6912149943305 366.1111165492983
331.6912149943305 324.1111165492983
0.0 0.0
341.02307069513955 128.24416847046965
0.0 0.0
345.6912149943305 371.1111165492983
0.0 0.0
357.6912149943305 341.1111165492983
0.0 0.0
1
1
1
1
false
false
false
false
false
false
false
false
11
4
15
1
140
1
6
C
non-metaux
4
282.6912149943305 366.1111165492983
283.6912149943305 324.1111165492983
0.0 0.0
142.6121623429815 447.73633944748934
0.0 0.0
297.6912149943305 371.1111165492983
0.0 0.0
309.6912149943305 341.1111165492983
0.0 0.0
1
1
1
1
false
false
false
false
false
false
false
false
10
2
12
3
140
1
6
C
non-metaux
4
426.6912149943305 366.1111165492983
427.6912149943305 324.1111165492983
0.0 0.0
96.42000695086465 184.3984594070763
0.0 0.0
441.6912149943305 371.1111165492983
0.0 0.0
453.6912149943305 341.1111165492983
0.0 0.0
1
1
0
2
false
false
false
false
false
false
false
false
7
1
8
6
140
1
8
O
non-metaux
6
474.6912149943305 366.1111165492983
476.6912149943305 324.1111165492983
490.6912149943305 324.1111165492983
317.38342125752206 453.14391263551994
464.6912149943305 341.1111165492983
490.6912149943305 371.1111165492983
0.0 0.0
503.6912149943305 341.1111165492983
0.0 0.0
0
2
0
0
true
true
false
false
true
false
true
false
8
5
8
8
140
1
1
H
non-metaux
1
426.6912149943305 316.1111165492983
52.54819446758016 23.53080603719978
0.0 0.0
0.0 0.0
0.0 0.0
0.0 0.0
0.0 0.0
0.0 0.0
0.0 0.0
0
0
1
0
false
false
false
false
false
false
false
false
8
8
5
8
140
1
1
H
non-metaux
1
378.6912149943305 316.1111165492983
499.6114642023221 96.8782321290542
0.0 0.0
0.0 0.0
0.0 0.0
0.0 0.0
0.0 0.0
0.0 0.0
0.0 0.0
0
0
1
0
false
false
false
false
false
false
false
false
8
8
1
8
140
1
1
H
non-metaux
1
234.6912149943305 316.1111165492983
443.9686423289527 413.2635135271117
0.0 0.0
0.0 0.0
0.0 0.0
0.0 0.0
0.0 0.0
0.0 0.0
0.0 0.0
0
0
1
0
false
false
false
false
false
false
false
false
8
8
2
8
140
1
1
H
non-metaux
1
282.6912149943305 316.1111165492983
237.16303892830305 389.5610222663198
0.0 0.0
0.0 0.0
0.0 0.0
0.0 0.0
0.0 0.0
0.0 0.0
0.0 0.0
0
0
1
0
false
false
false
false
false
false
false
false
8
8
4
8
140
1
1
H
non-metaux
1
330.6912149943305 316.1111165492983
383.1805000542421 13.716308558141172
0.0 0.0
0.0 0.0
0.0 0.0
0.0 0.0
0.0 0.0
0.0 0.0
0.0 0.0
0
0
1
0
false
false
false
false
false
false
false
false
8
8
3
8
140
1
8
O
non-metaux
6
282.6912149943305 416.1111165492983
197.80124223799208 218.72139438472402
298.6912149943305 374.1111165492983
272.6912149943305 405.1111165492983
272.6912149943305 391.1111165492983
298.6912149943305 421.1111165492983
0.0 0.0
311.6912149943305 391.1111165492983
311.6912149943305 405.1111165492983
1
0
1
0
false
false
true
true
false
false
true
true
4
8
18
8
140
1
8
O
non-metaux
6
234.6912149943305 416.1111165492983
133.66605049913142 190.79532271183317
250.6912149943305 374.1111165492983
224.6912149943305 405.1111165492983
224.6912149943305 391.1111165492983
250.6912149943305 421.1111165492983
0.0 0.0
263.6912149943305 391.1111165492983
263.6912149943305 405.1111165492983
1
0
1
0
false
false
true
true
false
false
true
true
2
8
21
8
140
1
8
O
non-metaux
6
378.6912149943305 416.1111165492983
150.814711236081 84.16648898177436
394.6912149943305 374.1111165492983
368.6912149943305 405.1111165492983
368.6912149943305 391.1111165492983
394.6912149943305 421.1111165492983
0.0 0.0
407.6912149943305 391.1111165492983
407.6912149943305 405.1111165492983
1
0
1
0
false
false
true
true
false
false
true
true
1
8
19
8
140
1
8
O
non-metaux
6
330.6912149943305 416.1111165492983
195.6934543515959 150.36649291982883
346.6912149943305 374.1111165492983
320.6912149943305 405.1111165492983
320.6912149943305 391.1111165492983
346.6912149943305 421.1111165492983
0.0 0.0
359.6912149943305 391.1111165492983
359.6912149943305 405.1111165492983
1
0
1
0
false
false
true
true
false
false
true
true
3
8
20
8
140
1
1
H
non-metaux
1
186.6912149943305 316.1111165492983
439.5525847928408 70.99491383123252
0.0 0.0
0.0 0.0
0.0 0.0
0.0 0.0
0.0 0.0
0.0 0.0
0.0 0.0
0
0
1
0
false
false
false
false
false
false
false
false
8
8
0
8
140
1
1
H
non-metaux
1
186.6912149943305 416.1111165492983
63.55592859905548 421.4866527388064
0.0 0.0
0.0 0.0
0.0 0.0
0.0 0.0
0.0 0.0
0.0 0.0
0.0 0.0
1
0
0
0
false
false
false
false
false
false
false
false
0
8
8
8
140
1
1
H
non-metaux
1
282.6912149943305 466.1111165492983
91.13125039637154 126.65128061211738
0.0 0.0
0.0 0.0
0.0 0.0
0.0 0.0
0.0 0.0
0.0 0.0
0.0 0.0
1
0
0
0
false
false
false
false
false
false
false
false
12
8
8
8
140
1
1
H
non-metaux
1
378.6912149943305 466.1111165492983
347.90120375689656 54.73957157176899
0.0 0.0
0.0 0.0
0.0 0.0
0.0 0.0
0.0 0.0
0.0 0.0
0.0 0.0
1
0
0
0
false
false
false
false
false
false
false
false
14
8
8
8
140
1
1
H
non-metaux
1
330.6912149943305 466.1111165492983
452.5311619308726 158.66169710782108
0.0 0.0
0.0 0.0
0.0 0.0
0.0 0.0
0.0 0.0
0.0 0.0
0.0 0.0
1
0
0
0
false
false
false
false
false
false
false
false
15
8
8
8
140
1
1
H
non-metaux
1
234.6912149943305 466.1111165492983
45.201597435726754 340.8046763280597
0.0 0.0
0.0 0.0
0.0 0.0
0.0 0.0
0.0 0.0
0.0 0.0
0.0 0.0
1
0
0
0
false
false
false
false
false
false
false
false
13
8
8
8
140
1
8
O
non-metaux
6
136.6912149943305 366.1111165492983
138.6912149943305 324.1111165492983
152.6912149943305 324.1111165492983
126.6912149943305 355.1111165492983
126.6912149943305 341.1111165492983
152.6912149943305 371.1111165492983
138.6912149943305 371.1111165492983
308.44730372333777 106.60703869666986
0.0 0.0
0
1
0
1
true
true
false
false
true
true
false
false
8
23
8
0
140
1
1
H
non-metaux
1
87.6912149943305 366.1111165492983
124.38661274992734 36.706158800298525
0.0 0.0
0.0 0.0
0.0 0.0
0.0 0.0
0.0 0.0
0.0 0.0
0.0 0.0
0
0
0
1
false
false
false
false
false
false
false
false
8
8
8
22
End