12
279
1
6
C
non-metaux
4
268.7908484995861 338.85164449327453
248.12676740186242 274.77126943947997
0.0 0.0
237.12676740186242 305.77126943947997
0.0 0.0
223.89097743486425 103.47856342663766
0.0 0.0
295.7908484995861 313.85164449327453
0.0 0.0
2
0
1
1
false
false
false
false
false
false
false
false
3
8
1
10
279
1
6
C
non-metaux
4
268.7908484995861 388.85164449327453
248.12676740186242 324.77126943947997
0.0 0.0
258.7908484995861 377.85164449327453
0.0 0.0
262.1267674018624 371.77126943947997
0.0 0.0
274.1267674018624 341.77126943947997
0.0 0.0
1
1
1
1
false
false
false
false
false
false
false
false
0
11
2
5
279
1
6
C
non-metaux
4
268.7908484995861 438.85164449327453
493.9211189233867 86.45018633637488
0.0 0.0
258.7908484995861 427.85164449327453
0.0 0.0
262.1267674018624 421.77126943947997
0.0 0.0
274.1267674018624 391.77126943947997
0.0 0.0
1
1
1
1
false
false
false
false
false
false
false
false
1
6
4
8
279
1
8
O
non-metaux
6
268.7908484995861 288.85164449327453
270.7908484995861 246.85164449327453
284.7908484995861 246.85164449327453
258.7908484995861 277.85164449327453
258.7908484995861 263.85164449327453
364.0295822777896 82.07082594281206
0.0 0.0
276.1267674018624 241.77126943947997
0.0 0.0
0
0
2
0
true
true
true
true
false
false
false
false
8
8
0
8
279
1
8
O
non-metaux
6
268.7908484995861 488.85164449327453
91.94239843550616 169.3975825325287
284.7908484995861 446.85164449327453
258.7908484995861 477.85164449327453
258.7908484995861 463.85164449327453
284.7908484995861 493.85164449327453
0.0 0.0
297.7908484995861 463.85164449327453
297.7908484995861 477.85164449327453
1
0
1
0
false
false
true
true
false
false
true
true
2
8
9
8
279
1
8
O
non-metaux
6
316.7908484995861 388.85164449327453
318.7908484995861 346.85164449327453
332.7908484995861 346.85164449327453
138.51967110698206 97.18916640822283
306.7908484995861 363.85164449327453
332.7908484995861 393.85164449327453
318.7908484995861 393.85164449327453
324.1267674018624 341.77126943947997
0.0 0.0
0
1
0
1
true
true
false
false
true
true
false
false
8
1
8
7
279
1
1
H
non-metaux
1
219.7908484995861 438.85164449327453
414.1782842817725 362.8173192367233
0.0 0.0
0.0 0.0
0.0 0.0
0.0 0.0
0.0 0.0
0.0 0.0
0.0 0.0
0
0
0
1
false
false
false
false
false
false
false
false
8
8
8
2
279
1
1
H
non-metaux
1
366.7908484995861 388.85164449327453
365.0609282100709 312.6667620063607
0.0 0.0
0.0 0.0
0.0 0.0
0.0 0.0
0.0 0.0
0.0 0.0
0.0 0.0
0
1
0
0
false
false
false
false
false
false
false
false
8
5
8
8
279
1
1
H
non-metaux
1
316.7908484995861 438.85164449327453
318.7908484995861 396.85164449327453
0.0 0.0
0.0 0.0
0.0 0.0
0.0 0.0
0.0 0.0
0.0 0.0
0.0 0.0
0
1
0
0
false
false
false
false
false
false
false
false
8
2
8
8
279
1
1
H
non-metaux
1
268.7908484995861 538.8516444932745
515.3039214358798 19.50565710658899
0.0 0.0
0.0 0.0
0.0 0.0
0.0 0.0
0.0 0.0
0.0 0.0
0.0 0.0
1
0
0
0
false
false
false
false
false
false
false
false
4
8
8
8
279
1
1
H
non-metaux
1
316.7908484995861 338.85164449327453
246.79200760655817 71.7302453957937
0.0 0.0
0.0 0.0
0.0 0.0
0.0 0.0
0.0 0.0
0.0 0.0
0.0 0.0
0
1
0
0
false
false
false
false
false
false
false
false
8
0
8
8
279
1
1
H
non-metaux
1
219.7908484995861 388.85164449327453
367.95144214445685 203.44080764724163
0.0 0.0
0.0 0.0
0.0 0.0
0.0 0.0
0.0 0.0
0.0 0.0
0.0 0.0
0
0
0
1
false
false
false
false
false
false
false
false
8
8
8
1
End