24
164
1
6
C
non-metaux
4
307.11359097095794 381.9379843335246
308.11359097095794 339.9379843335246
0.0 0.0
471.5975936352795 286.4282930791327
0.0 0.0
322.11359097095794 386.9379843335246
0.0 0.0
334.11359097095794 356.9379843335246
0.0 0.0
1
1
1
1
false
false
false
false
false
false
false
false
17
3
11
2
164
1
6
C
non-metaux
4
163.11359097095794 381.9379843335246
164.11359097095794 339.9379843335246
0.0 0.0
153.11359097095794 370.9379843335246
0.0 0.0
178.11359097095794 386.9379843335246
0.0 0.0
111.83237717668756 103.37479142942638
0.0 0.0
1
1
1
1
false
false
false
false
false
false
false
false
9
6
8
4
164
1
6
C
non-metaux
4
355.11359097095794 381.9379843335246
356.11359097095794 339.9379843335246
0.0 0.0
228.66201373359192 504.3829217476796
0.0 0.0
370.11359097095794 386.9379843335246
0.0 0.0
382.11359097095794 356.9379843335246
0.0 0.0
1
1
1
1
false
false
false
false
false
false
false
false
14
0
12
5
164
1
6
C
non-metaux
4
259.11359097095794 381.9379843335246
260.11359097095794 339.9379843335246
0.0 0.0
339.8616451477584 339.80702287914494
0.0 0.0
274.11359097095794 386.9379843335246
0.0 0.0
286.11359097095794 356.9379843335246
0.0 0.0
1
1
1
1
false
false
false
false
false
false
false
false
16
4
10
0
164
1
6
C
non-metaux
4
211.11359097095794 381.9379843335246
212.11359097095794 339.9379843335246
0.0 0.0
201.11359097095794 370.9379843335246
0.0 0.0
226.11359097095794 386.9379843335246
0.0 0.0
238.11359097095797 356.9379843335246
0.0 0.0
1
1
1
1
false
false
false
false
false
false
false
false
15
1
13
3
164
1
6
C
non-metaux
4
403.11359097095794 381.9379843335246
404.11359097095794 339.9379843335246
0.0 0.0
399.1045387166472 131.93219578971056
0.0 0.0
418.11359097095794 386.9379843335246
0.0 0.0
430.11359097095794 356.9379843335246
0.0 0.0
1
1
0
2
false
false
false
false
false
false
false
false
18
2
8
19
164
1
8
O
non-metaux
6
113.11359097095794 381.9379843335246
115.11359097095794 339.9379843335246
129.11359097095794 339.9379843335246
103.11359097095794 370.9379843335246
103.11359097095794 356.9379843335246
129.11359097095794 386.9379843335246
115.11359097095794 386.9379843335246
309.58778097737604 473.41389524746955
0.0 0.0
0
1
0
1
true
true
false
false
true
true
false
false
8
7
8
1
164
1
1
H
non-metaux
1
64.11359097095794 381.9379843335246
104.8033330422914 193.92699861766758
0.0 0.0
0.0 0.0
0.0 0.0
0.0 0.0
0.0 0.0
0.0 0.0
0.0 0.0
0
0
0
1
false
false
false
false
false
false
false
false
8
8
8
6
164
1
1
H
non-metaux
1
163.11359097095794 431.9379843335246
195.1566207819488 75.4080537381754
0.0 0.0
0.0 0.0
0.0 0.0
0.0 0.0
0.0 0.0
0.0 0.0
0.0 0.0
1
0
0
0
false
false
false
false
false
false
false
false
1
8
8
8
164
1
1
H
non-metaux
1
163.11359097095794 331.9379843335246
343.8927713627106 244.02298440872823
0.0 0.0
0.0 0.0
0.0 0.0
0.0 0.0
0.0 0.0
0.0 0.0
0.0 0.0
0
0
1
0
false
false
false
false
false
false
false
false
8
8
1
8
164
1
8
O
non-metaux
6
259.11359097095794 431.9379843335246
436.9804317996414 100.84294647683097
275.11359097095794 389.9379843335246
249.11359097095794 420.9379843335246
249.11359097095794 406.9379843335246
275.11359097095794 436.9379843335246
0.0 0.0
288.11359097095794 406.9379843335246
288.11359097095794 420.9379843335246
1
0
1
0
false
false
true
true
false
false
true
true
3
8
20
8
164
1
8
O
non-metaux
6
307.11359097095794 431.9379843335246
183.2944070330418 176.15120434945763
323.11359097095794 389.9379843335246
297.11359097095794 420.9379843335246
297.11359097095794 406.9379843335246
323.11359097095794 436.9379843335246
0.0 0.0
336.11359097095794 406.9379843335246
336.11359097095794 420.9379843335246
1
0
1
0
false
false
true
true
false
false
true
true
0
8
21
8
164
1
8
O
non-metaux
6
355.11359097095794 431.9379843335246
131.4614437603084 77.03111954243371
371.11359097095794 389.9379843335246
345.11359097095794 420.9379843335246
345.11359097095794 406.9379843335246
371.11359097095794 436.9379843335246
0.0 0.0
384.11359097095794 406.9379843335246
384.11359097095794 420.9379843335246
1
0
1
0
false
false
true
true
false
false
true
true
2
8
23
8
164
1
8
O
non-metaux
6
211.11359097095794 431.9379843335246
356.6975835725614 201.53479558468229
227.11359097095794 389.9379843335246
201.11359097095794 420.9379843335246
201.11359097095794 406.9379843335246
227.11359097095794 436.9379843335246
0.0 0.0
240.11359097095794 406.9379843335246
240.11359097095794 420.9379843335246
1
0
1
0
false
false
true
true
false
false
true
true
4
8
22
8
164
1
1
H
non-metaux
1
355.11359097095794 331.9379843335246
472.18770601201334 294.4113638011418
0.0 0.0
0.0 0.0
0.0 0.0
0.0 0.0
0.0 0.0
0.0 0.0
0.0 0.0
0
0
1
0
false
false
false
false
false
false
false
false
8
8
2
8
164
1
1
H
non-metaux
1
211.11359097095794 331.9379843335246
74.87553045029472 31.396692288265143
0.0 0.0
0.0 0.0
0.0 0.0
0.0 0.0
0.0 0.0
0.0 0.0
0.0 0.0
0
0
1
0
false
false
false
false
false
false
false
false
8
8
4
8
164
1
1
H
non-metaux
1
259.11359097095794 331.9379843335246
153.85514131407183 5.509659393258431
0.0 0.0
0.0 0.0
0.0 0.0
0.0 0.0
0.0 0.0
0.0 0.0
0.0 0.0
0
0
1
0
false
false
false
false
false
false
false
false
8
8
3
8
164
1
1
H
non-metaux
1
307.11359097095794 331.9379843335246
271.55195144325523 28.132720094891837
0.0 0.0
0.0 0.0
0.0 0.0
0.0 0.0
0.0 0.0
0.0 0.0
0.0 0.0
0
0
1
0
false
false
false
false
false
false
false
false
8
8
0
8
164
1
1
H
non-metaux
1
403.11359097095794 331.9379843335246
273.4444879065274 64.8585212510557
0.0 0.0
0.0 0.0
0.0 0.0
0.0 0.0
0.0 0.0
0.0 0.0
0.0 0.0
0
0
1
0
false
false
false
false
false
false
false
false
8
8
5
8
164
1
8
O
non-metaux
6
451.11359097095794 381.9379843335246
453.11359097095794 339.9379843335246
467.11359097095794 339.9379843335246
390.02316805345833 234.67989193354916
441.11359097095794 356.9379843335246
467.11359097095794 386.9379843335246
0.0 0.0
480.11359097095794 356.9379843335246
480.11359097095794 370.9379843335246
0
2
0
0
true
true
false
false
false
false
true
true
8
5
8
8
164
1
1
H
non-metaux
1
259.11359097095794 481.9379843335246
406.0320322044085 19.750810800392628
0.0 0.0
0.0 0.0
0.0 0.0
0.0 0.0
0.0 0.0
0.0 0.0
0.0 0.0
1
0
0
0
false
false
false
false
false
false
false
false
10
8
8
8
164
1
1
H
non-metaux
1
307.11359097095794 481.9379843335246
402.3538845204693 471.9202095164011
0.0 0.0
0.0 0.0
0.0 0.0
0.0 0.0
0.0 0.0
0.0 0.0
0.0 0.0
1
0
0
0
false
false
false
false
false
false
false
false
11
8
8
8
164
1
1
H
non-metaux
1
211.11359097095794 481.9379843335246
369.8032471593275 85.3843095093094
0.0 0.0
0.0 0.0
0.0 0.0
0.0 0.0
0.0 0.0
0.0 0.0
0.0 0.0
1
0
0
0
false
false
false
false
false
false
false
false
13
8
8
8
164
1
1
H
non-metaux
1
355.11359097095794 481.9379843335246
473.6631939945012 409.6077007740412
0.0 0.0
0.0 0.0
0.0 0.0
0.0 0.0
0.0 0.0
0.0 0.0
0.0 0.0
1
0
0
0
false
false
false
false
false
false
false
false
12
8
8
8
End