24
315
1
6
C
non-metaux
4
219.4043961841536 214.33953523944217
220.40439618415363 172.33953523944217
0.0 0.0
209.40439618415363 203.33953523944217
0.0 0.0
234.40439618415363 219.33953523944217
0.0 0.0
246.40439618415363 189.33953523944217
0.0 0.0
1
1
1
1
false
false
false
false
false
false
false
false
3
11
4
23
315
1
6
C
non-metaux
4
219.4043961841536 414.33953523944217
485.7961400052667 223.13169605186067
0.0 0.0
209.4043961841536 403.33953523944217
0.0 0.0
234.40439618415363 419.33953523944217
0.0 0.0
246.4043961841536 389.33953523944217
0.0 0.0
1
1
1
1
false
false
false
false
false
false
false
false
2
15
9
22
315
1
6
C
non-metaux
4
219.4043961841536 364.33953523944217
85.27574335617888 467.90666778433564
0.0 0.0
209.4043961841536 353.33953523944217
0.0 0.0
234.40439618415363 369.33953523944217
0.0 0.0
246.40439618415363 339.33953523944217
0.0 0.0
1
1
1
1
false
false
false
false
false
false
false
false
5
21
1
7
315
1
6
C
non-metaux
4
219.4043961841536 164.33953523944217
220.40439618415363 122.33953523944217
0.0 0.0
209.40439618415363 153.33953523944217
0.0 0.0
262.5887818986008 93.04392485999242
0.0 0.0
246.40439618415363 139.33953523944217
0.0 0.0
2
0
1
1
false
false
false
false
false
false
false
false
10
8
0
13
315
1
6
C
non-metaux
4
219.4043961841536 264.33953523944217
290.61976371834874 198.31000009500937
0.0 0.0
209.4043961841536 253.33953523944217
0.0 0.0
234.40439618415363 269.33953523944217
0.0 0.0
246.40439618415363 239.33953523944217
0.0 0.0
1
1
1
1
false
false
false
false
false
false
false
false
0
18
5
8
315
1
6
C
non-metaux
4
219.4043961841536 314.33953523944217
414.61838797272947 277.63265483532916
0.0 0.0
209.40439618415363 303.33953523944217
0.0 0.0
234.40439618415363 319.33953523944217
0.0 0.0
246.4043961841536 289.33953523944217
0.0 0.0
1
1
1
1
false
false
false
false
false
false
false
false
4
6
2
19
315
1
8
O
non-metaux
6
169.4043961841536 314.33953523944217
171.4043961841536 272.33953523944217
185.4043961841536 272.33953523944217
159.4043961841536 303.33953523944217
159.4043961841536 289.33953523944217
185.4043961841536 319.33953523944217
171.4043961841536 319.33953523944217
78.78474134777787 273.42897525470573
0.0 0.0
0
1
0
1
true
true
false
false
true
true
false
false
8
20
8
5
315
1
8
O
non-metaux
6
267.4043961841536 364.33953523944217
269.4043961841536 322.33953523944217
283.4043961841536 322.33953523944217
384.8079798604429 451.0878216982954
257.4043961841536 339.33953523944217
283.4043961841536 369.33953523944217
269.4043961841536 369.33953523944217
296.4043961841536 339.33953523944217
0.0 0.0
0
1
0
1
true
true
false
false
true
true
false
false
8
2
8
16
315
1
8
O
non-metaux
6
267.4043961841536 264.33953523944217
269.4043961841536 222.33953523944217
283.4043961841536 222.33953523944217
288.0624497247933 458.36654922155986
257.4043961841536 239.33953523944217
283.4043961841536 269.33953523944217
269.4043961841536 269.33953523944217
296.4043961841536 239.33953523944217
0.0 0.0
0
1
0
1
true
true
false
false
true
true
false
false
8
4
8
17
315
1
8
O
non-metaux
6
219.4043961841536 464.33953523944217
501.05355614713187 256.44674837084625
235.4043961841536 422.33953523944217
209.4043961841536 453.33953523944217
209.4043961841536 439.33953523944217
235.4043961841536 469.33953523944217
0.0 0.0
248.4043961841536 439.33953523944217
248.4043961841536 453.33953523944217
1
0
1
0
false
false
true
true
false
false
true
true
1
8
12
8
315
1
8
O
non-metaux
6
219.4043961841536 114.33953523944217
221.4043961841536 72.33953523944217
235.4043961841536 72.33953523944217
209.4043961841536 103.33953523944217
209.4043961841536 89.33953523944217
287.3423833790182 108.92417047552924
0.0 0.0
248.40439618415363 89.33953523944217
0.0 0.0
0
0
2
0
true
true
true
true
false
false
false
false
8
8
3
8
315
1
8
O
non-metaux
6
169.4043961841536 214.33953523944217
171.4043961841536 172.33953523944217
185.4043961841536 172.33953523944217
159.4043961841536 203.33953523944217
159.4043961841536 189.33953523944217
185.4043961841536 219.33953523944217
171.4043961841536 219.33953523944217
109.2355527464413 121.0231720014566
0.0 0.0
0
1
0
1
true
true
false
false
true
true
false
false
8
14
8
0
315
1
1
H
non-metaux
1
219.4043961841536 514.3395352394422
488.7940175229048 16.053553356977034
0.0 0.0
0.0 0.0
0.0 0.0
0.0 0.0
0.0 0.0
0.0 0.0
0.0 0.0
1
0
0
0
false
false
false
false
false
false
false
false
9
8
8
8
315
1
1
H
non-metaux
1
267.4043961841536 164.33953523944217
367.5934203912278 172.80914892724144
0.0 0.0
0.0 0.0
0.0 0.0
0.0 0.0
0.0 0.0
0.0 0.0
0.0 0.0
0
1
0
0
false
false
false
false
false
false
false
false
8
3
8
8
315
1
1
H
non-metaux
1
120.4043961841536 214.33953523944217
93.4833769516983 98.09268698346594
0.0 0.0
0.0 0.0
0.0 0.0
0.0 0.0
0.0 0.0
0.0 0.0
0.0 0.0
0
0
0
1
false
false
false
false
false
false
false
false
8
8
8
11
315
1
1
H
non-metaux
1
170.4043961841536 414.33953523944217
132.43787085068703 413.05477139137673
0.0 0.0
0.0 0.0
0.0 0.0
0.0 0.0
0.0 0.0
0.0 0.0
0.0 0.0
0
0
0
1
false
false
false
false
false
false
false
false
8
8
8
1
315
1
1
H
non-metaux
1
317.4043961841536 364.33953523944217
478.85744289504026 469.8304350323258
0.0 0.0
0.0 0.0
0.0 0.0
0.0 0.0
0.0 0.0
0.0 0.0
0.0 0.0
0
1
0
0
false
false
false
false
false
false
false
false
8
7
8
8
315
1
1
H
non-metaux
1
317.4043961841536 264.33953523944217
359.9994540384051 296.26167940247325
0.0 0.0
0.0 0.0
0.0 0.0
0.0 0.0
0.0 0.0
0.0 0.0
0.0 0.0
0
1
0
0
false
false
false
false
false
false
false
false
8
8
8
8
315
1
1
H
non-metaux
1
170.4043961841536 264.33953523944217
135.81877478849722 37.60011986622858
0.0 0.0
0.0 0.0
0.0 0.0
0.0 0.0
0.0 0.0
0.0 0.0
0.0 0.0
0
0
0
1
false
false
false
false
false
false
false
false
8
8
8
4
315
1
1
H
non-metaux
1
267.4043961841536 314.33953523944217
448.40652388960063 371.42723804840574
0.0 0.0
0.0 0.0
0.0 0.0
0.0 0.0
0.0 0.0
0.0 0.0
0.0 0.0
0
1
0
0
false
false
false
false
false
false
false
false
8
5
8
8
315
1
1
H
non-metaux
1
120.4043961841536 314.33953523944217
44.06818889566158 455.60937013348627
0.0 0.0
0.0 0.0
0.0 0.0
0.0 0.0
0.0 0.0
0.0 0.0
0.0 0.0
0
0
0
1
false
false
false
false
false
false
false
false
8
8
8
6
315
1
1
H
non-metaux
1
170.4043961841536 364.33953523944217
96.85753500138992 214.00974457535114
0.0 0.0
0.0 0.0
0.0 0.0
0.0 0.0
0.0 0.0
0.0 0.0
0.0 0.0
0
0
0
1
false
false
false
false
false
false
false
false
8
8
8
2
315
1
1
H
non-metaux
1
267.4043961841536 414.33953523944217
411.3653698592448 457.6606737477389
0.0 0.0
0.0 0.0
0.0 0.0
0.0 0.0
0.0 0.0
0.0 0.0
0.0 0.0
0
1
0
0
false
false
false
false
false
false
false
false
8
1
8
8
315
1
1
H
non-metaux
1
267.4043961841536 214.33953523944217
467.38839177532157 161.3572024310447
0.0 0.0
0.0 0.0
0.0 0.0
0.0 0.0
0.0 0.0
0.0 0.0
0.0 0.0
0
1
0
0
false
false
false
false
false
false
false
false
8
0
8
8
End