20
48
1
6
C
non-metaux
4
211.34040264686337 235.63938631706623
99.308909531637 285.5794904503326
0.0 0.0
201.3404026468634 224.63938631706623
0.0 0.0
226.3404026468634 240.63938631706623
0.0 0.0
238.3404026468634 210.63938631706623
0.0 0.0
1
1
1
1
false
false
false
false
false
false
false
false
1
5
2
19
48
1
6
C
non-metaux
4
211.34040264686337 185.63938631706623
312.26449366450925 182.01842776329246
0.0 0.0
201.3404026468634 174.63938631706623
0.0 0.0
226.3404026468634 190.63938631706623
0.0 0.0
238.3404026468634 160.63938631706623
0.0 0.0
1
1
1
1
false
false
false
false
false
false
false
false
3
9
0
15
48
1
6
C
non-metaux
4
211.34040264686337 285.6393863170662
50.39565160804008 142.86921377056572
0.0 0.0
201.34040264686337 274.6393863170662
0.0 0.0
226.3404026468634 290.6393863170662
0.0 0.0
238.3404026468634 260.6393863170662
0.0 0.0
1
1
1
1
false
false
false
false
false
false
false
false
0
14
4
6
48
1
6
C
non-metaux
4
211.34040264686337 135.63938631706623
212.3404026468634 93.63938631706623
0.0 0.0
201.3404026468634 124.63938631706623
0.0 0.0
226.3404026468634 140.63938631706623
0.0 0.0
238.3404026468634 110.63938631706623
0.0 0.0
2
0
1
1
false
false
false
false
false
false
false
false
8
8
1
11
48
1
6
C
non-metaux
4
211.34040264686337 335.6393863170662
428.4264667899054 58.049032039683254
0.0 0.0
201.34040264686337 324.6393863170662
0.0 0.0
226.3404026468634 340.6393863170662
0.0 0.0
238.34040264686337 310.6393863170662
0.0 0.0
1
1
1
1
false
false
false
false
false
false
false
false
2
17
7
13
48
1
8
O
non-metaux
6
161.34040264686337 235.63938631706623
163.34040264686337 193.63938631706623
177.34040264686337 193.63938631706623
151.34040264686337 224.63938631706623
151.34040264686337 210.63938631706623
177.34040264686337 240.63938631706623
163.34040264686337 240.63938631706623
346.90003573493937 272.6100098129304
0.0 0.0
0
1
0
1
true
true
false
false
true
true
false
false
8
18
8
0
48
1
8
O
non-metaux
6
259.34040264686337 285.6393863170662
261.34040264686337 243.63938631706623
275.34040264686337 243.63938631706623
461.7796675004377 260.8491421534716
249.34040264686337 260.6393863170662
275.34040264686337 290.6393863170662
261.34040264686337 290.6393863170662
288.34040264686337 260.6393863170662
0.0 0.0
0
1
0
1
true
true
false
false
true
true
false
false
8
2
8
12
48
1
8
O
non-metaux
6
211.34040264686337 385.6393863170662
499.13407217255116 326.68283671994124
227.34040264686337 343.6393863170662
201.34040264686337 374.6393863170662
201.34040264686337 360.6393863170662
227.34040264686337 390.6393863170662
0.0 0.0
240.34040264686337 360.6393863170662
240.34040264686337 374.6393863170662
1
0
1
0
false
false
true
true
false
false
true
true
4
8
16
8
48
1
8
O
non-metaux
6
211.34040264686337 85.63938631706623
213.34040264686337 43.639386317066226
227.34040264686337 43.639386317066226
201.34040264686337 74.63938631706623
201.34040264686337 60.639386317066226
82.32567834714212 141.24334079851764
0.0 0.0
240.3404026468634 60.639386317066226
0.0 0.0
0
0
2
0
true
true
true
true
false
false
false
false
8
8
3
8
48
1
8
O
non-metaux
6
161.34040264686337 185.63938631706623
163.34040264686337 143.63938631706623
177.34040264686337 143.63938631706623
151.3404026468634 174.63938631706623
151.34040264686337 160.63938631706623
177.34040264686337 190.63938631706623
163.34040264686337 190.63938631706623
117.02886287645366 260.227813815485
0.0 0.0
0
1
0
1
true
true
false
false
true
true
false
false
8
10
8
1
48
1
1
H
non-metaux
1
112.34040264686337 185.63938631706623
118.02324179345476 102.02810699909318
0.0 0.0
0.0 0.0
0.0 0.0
0.0 0.0
0.0 0.0
0.0 0.0
0.0 0.0
0
0
0
1
false
false
false
false
false
false
false
false
8
8
8
9
48
1
1
H
non-metaux
1
259.34040264686337 135.63938631706623
311.85509807132763 70.01959578914027
0.0 0.0
0.0 0.0
0.0 0.0
0.0 0.0
0.0 0.0
0.0 0.0
0.0 0.0
0
1
0
0
false
false
false
false
false
false
false
false
8
3
8
8
48
1
1
H
non-metaux
1
309.34040264686337 285.6393863170662
478.2742197519828 332.13844403523234
0.0 0.0
0.0 0.0
0.0 0.0
0.0 0.0
0.0 0.0
0.0 0.0
0.0 0.0
0
1
0
0
false
false
false
false
false
false
false
false
8
6
8
8
48
1
1
H
non-metaux
1
259.34040264686337 335.6393863170662
325.07393667802916 470.57649925789747
0.0 0.0
0.0 0.0
0.0 0.0
0.0 0.0
0.0 0.0
0.0 0.0
0.0 0.0
0
1
0
0
false
false
false
false
false
false
false
false
8
4
8
8
48
1
1
H
non-metaux
1
162.34040264686337 285.6393863170662
88.41448860010448 374.22354910111756
0.0 0.0
0.0 0.0
0.0 0.0
0.0 0.0
0.0 0.0
0.0 0.0
0.0 0.0
0
0
0
1
false
false
false
false
false
false
false
false
8
8
8
2
48
1
1
H
non-metaux
1
259.34040264686337 185.63938631706623
301.5254715246667 152.6145958311438
0.0 0.0
0.0 0.0
0.0 0.0
0.0 0.0
0.0 0.0
0.0 0.0
0.0 0.0
0
1
0
0
false
false
false
false
false
false
false
false
8
1
8
8
48
1
1
H
non-metaux
1
211.34040264686337 435.6393863170662
176.0854914215214 445.2835931352828
0.0 0.0
0.0 0.0
0.0 0.0
0.0 0.0
0.0 0.0
0.0 0.0
0.0 0.0
1
0
0
0
false
false
false
false
false
false
false
false
7
8
8
8
48
1
1
H
non-metaux
1
162.34040264686337 335.6393863170662
48.97835732695857 311.39584597628897
0.0 0.0
0.0 0.0
0.0 0.0
0.0 0.0
0.0 0.0
0.0 0.0
0.0 0.0
0
0
0
1
false
false
false
false
false
false
false
false
8
8
8
4
48
1
1
H
non-metaux
1
112.34040264686337 235.63938631706623
506.18019187707273 107.10792208634874
0.0 0.0
0.0 0.0
0.0 0.0
0.0 0.0
0.0 0.0
0.0 0.0
0.0 0.0
0
0
0
1
false
false
false
false
false
false
false
false
8
8
8
5
48
1
1
H
non-metaux
1
259.34040264686337 235.63938631706623
375.32095173516836 132.64038160270286
0.0 0.0
0.0 0.0
0.0 0.0
0.0 0.0
0.0 0.0
0.0 0.0
0.0 0.0
0
1
0
0
false
false
false
false
false
false
false
false
8
0
8
8
End