24
68
1
6
C
non-metaux
4
224.22063906656962 331.19741743225654
317.14865381159285 347.3183816478062
0.0 0.0
214.22063906656962 320.19741743225654
0.0 0.0
239.22063906656962 336.19741743225654
0.0 0.0
251.22063906656962 306.19741743225654
0.0 0.0
1
1
1
1
false
false
false
false
false
false
false
false
1
12
3
10
68
1
6
C
non-metaux
4
224.22063906656962 281.19741743225654
225.22063906656962 239.19741743225654
0.0 0.0
214.22063906656962 270.19741743225654
0.0 0.0
239.22063906656962 286.19741743225654
0.0 0.0
251.22063906656962 256.19741743225654
0.0 0.0
1
1
1
1
false
false
false
false
false
false
false
false
5
7
0
20
68
1
6
C
non-metaux
4
224.22063906656962 181.19741743225654
225.22063906656962 139.19741743225654
0.0 0.0
214.22063906656962 170.19741743225654
0.0 0.0
86.33329709268791 156.13447686306841
0.0 0.0
251.22063906656962 156.19741743225654
0.0 0.0
2
0
1
1
false
false
false
false
false
false
false
false
11
8
5
15
68
1
6
C
non-metaux
4
224.22063906656962 381.19741743225654
402.53142125521947 212.34017507232616
0.0 0.0
214.22063906656962 370.19741743225654
0.0 0.0
239.22063906656962 386.19741743225654
0.0 0.0
251.22063906656962 356.19741743225654
0.0 0.0
1
1
1
1
false
false
false
false
false
false
false
false
0
22
4
9
68
1
6
C
non-metaux
4
224.22063906656962 431.19741743225654
90.48641627042711 399.0663940154839
0.0 0.0
214.22063906656962 420.19741743225654
0.0 0.0
239.22063906656962 436.19741743225654
0.0 0.0
251.22063906656962 406.19741743225654
0.0 0.0
1
1
1
1
false
false
false
false
false
false
false
false
3
18
6
21
68
1
6
C
non-metaux
4
224.22063906656962 231.19741743225654
225.22063906656962 189.19741743225654
0.0 0.0
214.22063906656962 220.19741743225654
0.0 0.0
193.28401420887008 223.77310435674337
0.0 0.0
251.22063906656962 206.19741743225654
0.0 0.0
1
1
1
1
false
false
false
false
false
false
false
false
2
8
1
17
68
1
8
O
non-metaux
6
224.22063906656962 481.19741743225654
213.82518746210692 21.687583587119505
240.22063906656962 439.19741743225654
214.22063906656962 470.19741743225654
214.22063906656962 456.19741743225654
240.22063906656962 486.19741743225654
0.0 0.0
253.22063906656962 456.19741743225654
253.22063906656962 470.19741743225654
1
0
1
0
false
false
true
true
false
false
true
true
4
8
13
8
68
1
8
O
non-metaux
6
174.22063906656962 281.19741743225654
176.22063906656962 239.19741743225654
190.22063906656962 239.19741743225654
164.22063906656962 270.19741743225654
164.22063906656962 256.19741743225654
190.22063906656962 286.19741743225654
176.22063906656962 286.19741743225654
347.8006167640656 425.05304977165906
0.0 0.0
0
1
0
1
true
true
false
false
true
true
false
false
8
14
8
1
68
1
8
O
non-metaux
6
174.22063906656962 231.19741743225654
176.22063906656962 189.19741743225654
190.22063906656962 189.19741743225654
164.22063906656962 220.19741743225654
164.22063906656962 206.19741743225654
190.22063906656962 236.19741743225654
176.22063906656962 236.19741743225654
418.58083821914914 364.7968573200111
0.0 0.0
0
1
0
1
true
true
false
false
true
true
false
false
8
23
8
5
68
1
8
O
non-metaux
6
272.2206390665696 381.19741743225654
274.2206390665696 339.19741743225654
288.2206390665696 339.19741743225654
426.9380060550495 68.85445384442856
262.2206390665696 356.19741743225654
288.2206390665696 386.19741743225654
274.2206390665696 386.19741743225654
301.2206390665696 356.19741743225654
0.0 0.0
0
1
0
1
true
true
false
false
true
true
false
false
8
3
8
16
68
1
8
O
non-metaux
6
272.2206390665696 331.19741743225654
274.2206390665696 289.19741743225654
288.2206390665696 289.19741743225654
103.71659988323061 479.3332136370453
262.2206390665696 306.19741743225654
288.2206390665696 336.19741743225654
274.2206390665696 336.19741743225654
301.2206390665696 306.19741743225654
0.0 0.0
0
1
0
1
true
true
false
false
true
true
false
false
8
0
8
19
68
1
8
O
non-metaux
6
224.22063906656962 131.19741743225654
226.22063906656962 89.19741743225654
240.22063906656962 89.19741743225654
214.22063906656962 120.19741743225654
214.22063906656962 106.19741743225654
412.2272474796774 133.88104395487858
0.0 0.0
253.22063906656962 106.19741743225654
0.0 0.0
0
0
2
0
true
true
true
true
false
false
false
false
8
8
2
8
68
1
1
H
non-metaux
1
175.22063906656962 331.19741743225654
100.64081231341348 292.1694023900185
0.0 0.0
0.0 0.0
0.0 0.0
0.0 0.0
0.0 0.0
0.0 0.0
0.0 0.0
0
0
0
1
false
false
false
false
false
false
false
false
8
8
8
0
68
1
1
H
non-metaux
1
224.22063906656962 531.1974174322565
49.19449200112541 400.7479044264836
0.0 0.0
0.0 0.0
0.0 0.0
0.0 0.0
0.0 0.0
0.0 0.0
0.0 0.0
1
0
0
0
false
false
false
false
false
false
false
false
6
8
8
8
68
1
1
H
non-metaux
1
125.22063906656962 281.19741743225654
500.26696049423117 102.92142906461658
0.0 0.0
0.0 0.0
0.0 0.0
0.0 0.0
0.0 0.0
0.0 0.0
0.0 0.0
0
0
0
1
false
false
false
false
false
false
false
false
8
8
8
7
68
1
1
H
non-metaux
1
272.2206390665696 181.19741743225654
341.69946903696245 175.02917303273674
0.0 0.0
0.0 0.0
0.0 0.0
0.0 0.0
0.0 0.0
0.0 0.0
0.0 0.0
0
1
0
0
false
false
false
false
false
false
false
false
8
2
8
8
68
1
1
H
non-metaux
1
322.2206390665696 381.19741743225654
386.8180757881057 388.703734098132
0.0 0.0
0.0 0.0
0.0 0.0
0.0 0.0
0.0 0.0
0.0 0.0
0.0 0.0
0
1
0
0
false
false
false
false
false
false
false
false
8
9
8
8
68
1
1
H
non-metaux
1
272.2206390665696 231.19741743225654
411.2134566796184 139.45607804261044
0.0 0.0
0.0 0.0
0.0 0.0
0.0 0.0
0.0 0.0
0.0 0.0
0.0 0.0
0
1
0
0
false
false
false
false
false
false
false
false
8
5
8
8
68
1
1
H
non-metaux
1
175.22063906656962 431.19741743225654
154.4554226490185 380.5914458438365
0.0 0.0
0.0 0.0
0.0 0.0
0.0 0.0
0.0 0.0
0.0 0.0
0.0 0.0
0
0
0
1
false
false
false
false
false
false
false
false
8
8
8
4
68
1
1
H
non-metaux
1
322.2206390665696 331.19741743225654
436.29009631800164 264.5382086989602
0.0 0.0
0.0 0.0
0.0 0.0
0.0 0.0
0.0 0.0
0.0 0.0
0.0 0.0
0
1
0
0
false
false
false
false
false
false
false
false
8
10
8
8
68
1
1
H
non-metaux
1
272.2206390665696 281.19741743225654
363.3863313493489 275.5320249530117
0.0 0.0
0.0 0.0
0.0 0.0
0.0 0.0
0.0 0.0
0.0 0.0
0.0 0.0
0
1
0
0
false
false
false
false
false
false
false
false
8
1
8
8
68
1
1
H
non-metaux
1
272.2206390665696 431.19741743225654
458.0654385727255 416.26350001358145
0.0 0.0
0.0 0.0
0.0 0.0
0.0 0.0
0.0 0.0
0.0 0.0
0.0 0.0
0
1
0
0
false
false
false
false
false
false
false
false
8
4
8
8
68
1
1
H
non-metaux
1
175.22063906656962 381.19741743225654
114.88941915528238 429.10984705196825
0.0 0.0
0.0 0.0
0.0 0.0
0.0 0.0
0.0 0.0
0.0 0.0
0.0 0.0
0
0
0
1
false
false
false
false
false
false
false
false
8
8
8
3
68
1
1
H
non-metaux
1
125.22063906656962 231.19741743225654
136.284276336674 27.56140002606675
0.0 0.0
0.0 0.0
0.0 0.0
0.0 0.0
0.0 0.0
0.0 0.0
0.0 0.0
0
0
0
1
false
false
false
false
false
false
false
false
8
8
8
8
End