20
97
1
6
C
non-metaux
4
369.16287881678164 328.69659911436776
158.12952232809835 452.35088597861227
0.0 0.0
359.16287881678164 317.69659911436776
0.0 0.0
384.16287881678164 333.69659911436776
0.0 0.0
396.16287881678164 303.69659911436776
0.0 0.0
1
1
1
1
false
false
false
false
false
false
false
false
2
16
4
7
97
1
6
C
non-metaux
4
369.16287881678164 178.69659911436776
370.16287881678164 136.69659911436776
0.0 0.0
359.16287881678164 167.69659911436776
0.0 0.0
206.3760790126842 65.38933182652227
0.0 0.0
396.16287881678164 153.69659911436776
0.0 0.0
2
0
1
1
false
false
false
false
false
false
false
false
6
8
3
12
97
1
6
C
non-metaux
4
369.16287881678164 278.69659911436776
370.16287881678164 236.69659911436776
0.0 0.0
359.16287881678164 267.69659911436776
0.0 0.0
384.16287881678164 283.69659911436776
0.0 0.0
396.16287881678164 253.69659911436776
0.0 0.0
1
1
1
1
false
false
false
false
false
false
false
false
3
19
0
9
97
1
6
C
non-metaux
4
369.16287881678164 228.69659911436776
370.16287881678164 186.69659911436776
0.0 0.0
359.16287881678164 217.69659911436776
0.0 0.0
159.01554015705142 139.45388219874621
0.0 0.0
396.16287881678164 203.69659911436776
0.0 0.0
1
1
1
1
false
false
false
false
false
false
false
false
1
14
2
8
97
1
6
C
non-metaux
4
369.16287881678164 378.69659911436776
88.45147886934427 36.303888721691976
0.0 0.0
359.16287881678164 367.69659911436776
0.0 0.0
384.16287881678164 383.69659911436776
0.0 0.0
396.16287881678164 353.69659911436776
0.0 0.0
1
1
1
1
false
false
false
false
false
false
false
false
0
11
5
18
97
1
8
O
non-metaux
6
369.16287881678164 428.69659911436776
101.13044828764114 28.423243591060356
385.16287881678164 386.69659911436776
359.16287881678164 417.69659911436776
359.16287881678164 403.69659911436776
385.16287881678164 433.69659911436776
0.0 0.0
398.16287881678164 403.69659911436776
398.16287881678164 417.69659911436776
1
0
1
0
false
false
true
true
false
false
true
true
4
8
13
8
97
1
8
O
non-metaux
6
369.16287881678164 128.69659911436776
371.16287881678164 86.69659911436776
385.16287881678164 86.69659911436776
359.16287881678164 117.69659911436776
359.16287881678164 103.69659911436776
387.9174201971508 80.26917031592885
0.0 0.0
398.16287881678164 103.69659911436776
0.0 0.0
0
0
2
0
true
true
true
true
false
false
false
false
8
8
1
8
97
1
8
O
non-metaux
6
417.16287881678164 328.69659911436776
419.16287881678164 286.69659911436776
433.16287881678164 286.69659911436776
94.21869735156612 157.12168121996427
407.16287881678164 303.69659911436776
433.16287881678164 333.69659911436776
419.16287881678164 333.69659911436776
446.16287881678164 303.69659911436776
0.0 0.0
0
1
0
1
true
true
false
false
true
true
false
false
8
0
8
10
97
1
8
O
non-metaux
6
417.16287881678164 228.69659911436776
419.16287881678164 186.69659911436776
433.16287881678164 186.69659911436776
443.8108394049234 271.41913860304703
407.16287881678164 203.69659911436776
433.16287881678164 233.69659911436776
419.16287881678164 233.69659911436776
446.16287881678164 203.69659911436776
0.0 0.0
0
1
0
1
true
true
false
false
true
true
false
false
8
3
8
17
97
1
8
O
non-metaux
6
417.16287881678164 278.69659911436776
419.16287881678164 236.69659911436776
433.16287881678164 236.69659911436776
148.2789700294462 377.37207159146465
407.16287881678164 253.69659911436776
433.16287881678164 283.69659911436776
419.16287881678164 283.69659911436776
446.16287881678164 253.69659911436776
0.0 0.0
0
1
0
1
true
true
false
false
true
true
false
false
8
2
8
15
97
1
1
H
non-metaux
1
467.16287881678164 328.69659911436776
119.54976394641758 264.1472446192549
0.0 0.0
0.0 0.0
0.0 0.0
0.0 0.0
0.0 0.0
0.0 0.0
0.0 0.0
0
1
0
0
false
false
false
false
false
false
false
false
8
7
8
8
97
1
1
H
non-metaux
1
320.16287881678164 378.69659911436776
175.87878311510593 231.9056573086516
0.0 0.0
0.0 0.0
0.0 0.0
0.0 0.0
0.0 0.0
0.0 0.0
0.0 0.0
0
0
0
1
false
false
false
false
false
false
false
false
8
8
8
4
97
1
1
H
non-metaux
1
417.16287881678164 178.69659911436776
347.9178790144302 36.907457925778814
0.0 0.0
0.0 0.0
0.0 0.0
0.0 0.0
0.0 0.0
0.0 0.0
0.0 0.0
0
1
0
0
false
false
false
false
false
false
false
false
8
1
8
8
97
1
1
H
non-metaux
1
369.16287881678164 478.69659911436776
269.3577075099123 38.124205582656
0.0 0.0
0.0 0.0
0.0 0.0
0.0 0.0
0.0 0.0
0.0 0.0
0.0 0.0
1
0
0
0
false
false
false
false
false
false
false
false
5
8
8
8
97
1
1
H
non-metaux
1
320.16287881678164 228.69659911436776
237.0589903201062 151.81476903745178
0.0 0.0
0.0 0.0
0.0 0.0
0.0 0.0
0.0 0.0
0.0 0.0
0.0 0.0
0
0
0
1
false
false
false
false
false
false
false
false
8
8
8
3
97
1
1
H
non-metaux
1
467.16287881678164 278.69659911436776
93.35634099849469 193.7981427196107
0.0 0.0
0.0 0.0
0.0 0.0
0.0 0.0
0.0 0.0
0.0 0.0
0.0 0.0
0
1
0
0
false
false
false
false
false
false
false
false
8
9
8
8
97
1
1
H
non-metaux
1
320.16287881678164 328.69659911436776
446.4484758529886 417.66791725142946
0.0 0.0
0.0 0.0
0.0 0.0
0.0 0.0
0.0 0.0
0.0 0.0
0.0 0.0
0
0
0
1
false
false
false
false
false
false
false
false
8
8
8
0
97
1
1
H
non-metaux
1
467.16287881678164 228.69659911436776
151.652284835268 161.18315321458434
0.0 0.0
0.0 0.0
0.0 0.0
0.0 0.0
0.0 0.0
0.0 0.0
0.0 0.0
0
1
0
0
false
false
false
false
false
false
false
false
8
8
8
8
97
1
1
H
non-metaux
1
417.16287881678164 378.69659911436776
112.18124120746707 330.00452644645895
0.0 0.0
0.0 0.0
0.0 0.0
0.0 0.0
0.0 0.0
0.0 0.0
0.0 0.0
0
1
0
0
false
false
false
false
false
false
false
false
8
4
8
8
97
1
1
H
non-metaux
1
320.16287881678164 278.69659911436776
303.0627995792687 286.44728527967095
0.0 0.0
0.0 0.0
0.0 0.0
0.0 0.0
0.0 0.0
0.0 0.0
0.0 0.0
0
0
0
1
false
false
false
false
false
false
false
false
8
8
8
2
End