24
117
1
6
C
non-metaux
4
281.18149481202556 187.7843704535664
353.3847316624309 215.17432429823816
0.0 0.0
271.18149481202556 176.7843704535664
0.0 0.0
296.18149481202556 192.7843704535664
0.0 0.0
308.18149481202556 162.7843704535664
0.0 0.0
1
1
1
1
false
false
false
false
false
false
false
false
5
6
3
13
117
1
6
C
non-metaux
4
281.18149481202556 337.7843704535664
50.70828144642746 350.6616143377083
0.0 0.0
271.18149481202556 326.7843704535664
0.0 0.0
296.18149481202556 342.7843704535664
0.0 0.0
308.18149481202556 312.7843704535664
0.0 0.0
1
1
1
1
false
false
false
false
false
false
false
false
4
16
2
9
117
1
6
C
non-metaux
4
281.18149481202556 387.7843704535664
74.42553007914722 146.39121793127023
0.0 0.0
271.18149481202556 376.7843704535664
0.0 0.0
296.18149481202556 392.7843704535664
0.0 0.0
308.18149481202556 362.7843704535664
0.0 0.0
1
1
1
1
false
false
false
false
false
false
false
false
1
15
10
20
117
1
6
C
non-metaux
4
281.18149481202556 237.7843704535664
494.0592343847639 315.3902064069226
0.0 0.0
271.18149481202556 226.7843704535664
0.0 0.0
296.18149481202556 242.7843704535664
0.0 0.0
308.18149481202556 212.7843704535664
0.0 0.0
1
1
1
1
false
false
false
false
false
false
false
false
0
8
4
21
117
1
6
C
non-metaux
4
281.18149481202556 287.7843704535664
112.22564811017659 418.53109843270914
0.0 0.0
271.18149481202556 276.7843704535664
0.0 0.0
296.18149481202556 292.7843704535664
0.0 0.0
308.18149481202556 262.7843704535664
0.0 0.0
1
1
1
1
false
false
false
false
false
false
false
false
3
7
1
23
117
1
6
C
non-metaux
4
281.18149481202556 137.7843704535664
282.18149481202556 95.7843704535664
0.0 0.0
271.18149481202556 126.7843704535664
0.0 0.0
296.18149481202556 142.7843704535664
0.0 0.0
308.18149481202556 112.7843704535664
0.0 0.0
2
0
1
1
false
false
false
false
false
false
false
false
11
8
0
14
117
1
8
O
non-metaux
6
231.18149481202556 187.7843704535664
233.18149481202556 145.7843704535664
247.18149481202556 145.7843704535664
221.18149481202556 176.7843704535664
221.18149481202556 162.7843704535664
247.18149481202556 192.7843704535664
233.18149481202556 192.7843704535664
196.90628492908453 286.7521749789443
0.0 0.0
0
1
0
1
true
true
false
false
true
true
false
false
8
12
8
0
117
1
8
O
non-metaux
6
231.18149481202556 287.7843704535664
233.18149481202556 245.7843704535664
247.18149481202556 245.7843704535664
221.18149481202556 276.7843704535664
221.18149481202556 262.7843704535664
247.18149481202556 292.7843704535664
233.18149481202556 292.7843704535664
436.849677759598 353.29995840599946
0.0 0.0
0
1
0
1
true
true
false
false
true
true
false
false
8
18
8
4
117
1
8
O
non-metaux
6
231.18149481202556 237.7843704535664
233.18149481202556 195.7843704535664
247.18149481202556 195.7843704535664
221.18149481202556 226.7843704535664
221.18149481202556 212.7843704535664
247.18149481202556 242.7843704535664
233.18149481202556 242.7843704535664
222.26059792197495 411.3324057870893
0.0 0.0
0
1
0
1
true
true
false
false
true
true
false
false
8
19
8
3
117
1
8
O
non-metaux
6
329.18149481202556 337.7843704535664
331.18149481202556 295.7843704535664
345.18149481202556 295.7843704535664
124.79335467063291 44.96808843729743
319.18149481202556 312.7843704535664
345.18149481202556 342.7843704535664
331.18149481202556 342.7843704535664
358.18149481202556 312.7843704535664
0.0 0.0
0
1
0
1
true
true
false
false
true
true
false
false
8
1
8
22
117
1
8
O
non-metaux
6
281.18149481202556 437.7843704535664
64.16693843366544 1.2258554995033393
297.18149481202556 395.7843704535664
271.18149481202556 426.7843704535664
271.18149481202556 412.7843704535664
297.18149481202556 442.7843704535664
0.0 0.0
310.18149481202556 412.7843704535664
310.18149481202556 426.7843704535664
1
0
1
0
false
false
true
true
false
false
true
true
2
8
17
8
117
1
8
O
non-metaux
6
281.18149481202556 87.7843704535664
283.18149481202556 45.784370453566396
297.18149481202556 45.784370453566396
271.18149481202556 76.7843704535664
271.18149481202556 62.784370453566396
406.1081649652781 235.17576330392473
0.0 0.0
310.18149481202556 62.784370453566396
0.0 0.0
0
0
2
0
true
true
true
true
false
false
false
false
8
8
5
8
117
1
1
H
non-metaux
1
182.18149481202556 187.7843704535664
91.9294489806595 32.08978958021946
0.0 0.0
0.0 0.0
0.0 0.0
0.0 0.0
0.0 0.0
0.0 0.0
0.0 0.0
0
0
0
1
false
false
false
false
false
false
false
false
8
8
8
6
117
1
1
H
non-metaux
1
329.18149481202556 187.7843704535664
371.1729916196489 113.82541331956045
0.0 0.0
0.0 0.0
0.0 0.0
0.0 0.0
0.0 0.0
0.0 0.0
0.0 0.0
0
1
0
0
false
false
false
false
false
false
false
false
8
0
8
8
117
1
1
H
non-metaux
1
329.18149481202556 137.7843704535664
440.4794344457021 117.55166777572711
0.0 0.0
0.0 0.0
0.0 0.0
0.0 0.0
0.0 0.0
0.0 0.0
0.0 0.0
0
1
0
0
false
false
false
false
false
false
false
false
8
5
8
8
117
1
1
H
non-metaux
1
232.18149481202556 387.7843704535664
114.12117964885705 430.4676622742857
0.0 0.0
0.0 0.0
0.0 0.0
0.0 0.0
0.0 0.0
0.0 0.0
0.0 0.0
0
0
0
1
false
false
false
false
false
false
false
false
8
8
8
2
117
1
1
H
non-metaux
1
232.18149481202556 337.7843704535664
139.02417256319373 183.64618117381815
0.0 0.0
0.0 0.0
0.0 0.0
0.0 0.0
0.0 0.0
0.0 0.0
0.0 0.0
0
0
0
1
false
false
false
false
false
false
false
false
8
8
8
1
117
1
1
H
non-metaux
1
281.18149481202556 487.7843704535664
115.54835722962618 289.1078425650403
0.0 0.0
0.0 0.0
0.0 0.0
0.0 0.0
0.0 0.0
0.0 0.0
0.0 0.0
1
0
0
0
false
false
false
false
false
false
false
false
10
8
8
8
117
1
1
H
non-metaux
1
182.18149481202556 287.7843704535664
115.07179666770004 100.84386600527267
0.0 0.0
0.0 0.0
0.0 0.0
0.0 0.0
0.0 0.0
0.0 0.0
0.0 0.0
0
0
0
1
false
false
false
false
false
false
false
false
8
8
8
7
117
1
1
H
non-metaux
1
182.18149481202556 237.7843704535664
45.598313765309115 131.6641705538009
0.0 0.0
0.0 0.0
0.0 0.0
0.0 0.0
0.0 0.0
0.0 0.0
0.0 0.0
0
0
0
1
false
false
false
false
false
false
false
false
8
8
8
8
117
1
1
H
non-metaux
1
329.18149481202556 387.7843704535664
461.4244238692424 449.80517872870814
0.0 0.0
0.0 0.0
0.0 0.0
0.0 0.0
0.0 0.0
0.0 0.0
0.0 0.0
0
1
0
0
false
false
false
false
false
false
false
false
8
2
8
8
117
1
1
H
non-metaux
1
329.18149481202556 237.7843704535664
374.8002073404868 227.66908165166672
0.0 0.0
0.0 0.0
0.0 0.0
0.0 0.0
0.0 0.0
0.0 0.0
0.0 0.0
0
1
0
0
false
false
false
false
false
false
false
false
8
3
8
8
117
1
1
H
non-metaux
1
379.18149481202556 337.7843704535664
375.02076301584617 398.61072849670427
0.0 0.0
0.0 0.0
0.0 0.0
0.0 0.0
0.0 0.0
0.0 0.0
0.0 0.0
0
1
0
0
false
false
false
false
false
false
false
false
8
9
8
8
117
1
1
H
non-metaux
1
329.18149481202556 287.7843704535664
504.8827558383804 253.003684671648
0.0 0.0
0.0 0.0
0.0 0.0
0.0 0.0
0.0 0.0
0.0 0.0
0.0 0.0
0
1
0
0
false
false
false
false
false
false
false
false
8
4
8
8
End