16
141
1
6
C
non-metaux
4
285.38727452633924 251.7408710777027
286.38727452633924 209.7408710777027
0.0 0.0
275.38727452633924 240.7408710777027
0.0 0.0
79.49675603569167 305.7917512565349
0.0 0.0
312.38727452633924 226.7408710777027
0.0 0.0
1
1
1
1
false
false
false
false
false
false
false
false
3
7
1
10
141
1
6
C
non-metaux
4
285.38727452633924 301.7408710777027
286.38727452633924 259.7408710777027
0.0 0.0
275.38727452633924 290.7408710777027
0.0 0.0
300.38727452633924 306.7408710777027
0.0 0.0
312.38727452633924 276.7408710777027
0.0 0.0
1
1
1
1
false
false
false
false
false
false
false
false
0
8
2
4
141
1
6
C
non-metaux
4
285.38727452633924 351.7408710777027
400.2942832933303 410.8758547275997
0.0 0.0
275.38727452633924 340.7408710777027
0.0 0.0
300.38727452633924 356.7408710777027
0.0 0.0
312.38727452633924 326.7408710777027
0.0 0.0
1
1
1
1
false
false
false
false
false
false
false
false
1
11
5
14
141
1
6
C
non-metaux
4
285.38727452633924 201.7408710777027
286.38727452633924 159.7408710777027
0.0 0.0
275.38727452633924 190.7408710777027
0.0 0.0
515.3501832491592 50.685831439893434
0.0 0.0
312.38727452633924 176.7408710777027
0.0 0.0
2
0
1
1
false
false
false
false
false
false
false
false
6
8
0
12
141
1
8
O
non-metaux
6
333.38727452633924 301.7408710777027
335.38727452633924 259.7408710777027
349.38727452633924 259.7408710777027
465.3923550568808 286.4712209763421
323.38727452633924 276.7408710777027
349.38727452633924 306.7408710777027
335.38727452633924 306.7408710777027
362.38727452633924 276.7408710777027
0.0 0.0
0
1
0
1
true
true
false
false
true
true
false
false
8
1
8
9
141
1
8
O
non-metaux
6
285.38727452633924 401.7408710777027
113.81149585009487 43.602568535727784
301.38727452633924 359.7408710777027
275.38727452633924 390.7408710777027
275.38727452633924 376.7408710777027
301.38727452633924 406.7408710777027
0.0 0.0
314.38727452633924 376.7408710777027
314.38727452633924 390.7408710777027
1
0
1
0
false
false
true
true
false
false
true
true
2
8
13
8
141
1
8
O
non-metaux
6
285.38727452633924 151.7408710777027
287.38727452633924 109.7408710777027
301.38727452633924 109.7408710777027
275.38727452633924 140.7408710777027
275.38727452633924 126.7408710777027
224.52048554851646 310.846309742302
0.0 0.0
314.38727452633924 126.7408710777027
0.0 0.0
0
0
2
0
true
true
true
true
false
false
false
false
8
8
3
8
141
1
8
O
non-metaux
6
235.38727452633924 251.7408710777027
237.38727452633924 209.7408710777027
251.38727452633924 209.7408710777027
225.38727452633924 240.7408710777027
225.38727452633924 226.7408710777027
251.38727452633924 256.7408710777027
237.38727452633924 256.7408710777027
112.68706127240242 164.67021819530217
0.0 0.0
0
1
0
1
true
true
false
false
true
true
false
false
8
15
8
0
141
1
1
H
non-metaux
1
236.38727452633924 301.7408710777027
216.11321096640572 305.491336964117
0.0 0.0
0.0 0.0
0.0 0.0
0.0 0.0
0.0 0.0
0.0 0.0
0.0 0.0
0
0
0
1
false
false
false
false
false
false
false
false
8
8
8
1
141
1
1
H
non-metaux
1
383.38727452633924 301.7408710777027
371.3722387178422 392.907310408825
0.0 0.0
0.0 0.0
0.0 0.0
0.0 0.0
0.0 0.0
0.0 0.0
0.0 0.0
0
1
0
0
false
false
false
false
false
false
false
false
8
4
8
8
141
1
1
H
non-metaux
1
333.38727452633924 251.7408710777027
509.6498940988497 177.18770764863586
0.0 0.0
0.0 0.0
0.0 0.0
0.0 0.0
0.0 0.0
0.0 0.0
0.0 0.0
0
1
0
0
false
false
false
false
false
false
false
false
8
0
8
8
141
1
1
H
non-metaux
1
236.38727452633924 351.7408710777027
124.22033634422237 353.87228413765894
0.0 0.0
0.0 0.0
0.0 0.0
0.0 0.0
0.0 0.0
0.0 0.0
0.0 0.0
0
0
0
1
false
false
false
false
false
false
false
false
8
8
8
2
141
1
1
H
non-metaux
1
333.38727452633924 201.7408710777027
450.6467036950669 105.73149944942361
0.0 0.0
0.0 0.0
0.0 0.0
0.0 0.0
0.0 0.0
0.0 0.0
0.0 0.0
0
1
0
0
false
false
false
false
false
false
false
false
8
3
8
8
141
1
1
H
non-metaux
1
285.38727452633924 451.7408710777027
450.0668545249579 391.6097977494404
0.0 0.0
0.0 0.0
0.0 0.0
0.0 0.0
0.0 0.0
0.0 0.0
0.0 0.0
1
0
0
0
false
false
false
false
false
false
false
false
5
8
8
8
141
1
1
H
non-metaux
1
333.38727452633924 351.7408710777027
424.3923819418226 21.024834150954675
0.0 0.0
0.0 0.0
0.0 0.0
0.0 0.0
0.0 0.0
0.0 0.0
0.0 0.0
0
1
0
0
false
false
false
false
false
false
false
false
8
2
8
8
141
1
1
H
non-metaux
1
186.38727452633924 251.7408710777027
134.64293850983555 177.04822156064705
0.0 0.0
0.0 0.0
0.0 0.0
0.0 0.0
0.0 0.0
0.0 0.0
0.0 0.0
0
0
0
1
false
false
false
false
false
false
false
false
8
8
8
7
End