20
157
1
6
C
non-metaux
4
355.16403536723396 323.6688901087732
245.59103511794234 471.2337175177381
0.0 0.0
345.16403536723396 312.6688901087732
0.0 0.0
463.3540008943021 289.9268019314196
0.0 0.0
475.3540008943021 259.9268019314196
0.0 0.0
1
1
1
1
false
false
false
false
false
false
false
false
4
15
2
7
157
1
6
C
non-metaux
4
355.16403536723396 173.6688901087732
449.3540008943021 92.92680193141962
0.0 0.0
438.3540008943021 123.92680193141962
0.0 0.0
463.3540008943021 139.9268019314196
0.0 0.0
382.16403536723396 148.6688901087732
0.0 0.0
2
0
1
1
false
false
false
false
false
false
false
false
9
8
3
11
157
1
6
C
non-metaux
4
355.16403536723396 373.6688901087732
99.88573395567909 65.85035807458827
0.0 0.0
345.16403536723396 362.6688901087732
0.0 0.0
463.3540008943021 339.9268019314196
0.0 0.0
382.16403536723396 348.6688901087732
0.0 0.0
1
1
1
1
false
false
false
false
false
false
false
false
0
13
6
14
157
1
6
C
non-metaux
4
355.16403536723396 223.6688901087732
78.1752493221484 175.68300432693746
0.0 0.0
345.16403536723396 212.6688901087732
0.0 0.0
463.3540008943021 189.9268019314196
0.0 0.0
475.3540008943021 159.92680193141962
0.0 0.0
1
1
1
1
false
false
false
false
false
false
false
false
1
19
4
8
157
1
6
C
non-metaux
4
355.16403536723396 273.6688901087732
108.80683524536933 275.597933789977
0.0 0.0
438.3540008943021 223.92680193141962
0.0 0.0
463.3540008943021 239.9268019314196
0.0 0.0
475.3540008943021 209.92680193141962
0.0 0.0
1
1
1
1
false
false
false
false
false
false
false
false
3
5
0
16
157
1
8
O
non-metaux
6
305.16403536723396 273.6688901087732
307.16403536723396 231.6688901087732
321.16403536723396 231.6688901087732
388.3540008943021 223.92680193141962
295.16403536723396 248.6688901087732
321.16403536723396 278.6688901087732
307.16403536723396 278.6688901087732
69.3244142936996 392.13376806657396
0.0 0.0
0
1
0
1
true
true
false
false
true
true
false
false
8
18
8
4
157
1
8
O
non-metaux
6
355.16403536723396 423.6688901087732
77.30545592635974 24.93070607638049
371.16403536723396 381.6688901087732
345.16403536723396 412.6688901087732
345.16403536723396 398.6688901087732
464.3540008943021 389.9268019314196
0.0 0.0
384.16403536723396 398.6688901087732
384.16403536723396 412.6688901087732
1
0
1
0
false
false
true
true
false
false
true
true
2
8
10
8
157
1
8
O
non-metaux
6
403.16403536723396 323.6688901087732
405.16403536723396 281.6688901087732
419.16403536723396 281.6688901087732
55.03641701295925 127.4404277536072
393.16403536723396 298.6688901087732
419.16403536723396 328.6688901087732
405.16403536723396 328.6688901087732
432.16403536723396 298.6688901087732
0.0 0.0
0
1
0
1
true
true
false
false
true
true
false
false
8
0
8
17
157
1
8
O
non-metaux
6
403.16403536723396 223.6688901087732
405.16403536723396 181.6688901087732
419.16403536723396 181.6688901087732
242.2292114920987 408.0950451786508
393.16403536723396 198.6688901087732
419.16403536723396 228.6688901087732
405.16403536723396 228.6688901087732
525.3540008943021 159.92680193141962
0.0 0.0
0
1
0
1
true
true
false
false
true
true
false
false
8
3
8
12
157
1
8
O
non-metaux
6
355.16403536723396 123.66889010877321
357.16403536723396 81.66889010877321
371.16403536723396 81.66889010877321
345.16403536723396 112.66889010877321
345.16403536723396 98.66889010877321
179.63510245041408 310.22871888377955
0.0 0.0
477.3540008943021 59.92680193141962
0.0 0.0
0
0
2
0
true
true
true
true
false
false
false
false
8
8
1
8
157
1
1
H
non-metaux
1
355.16403536723396 473.6688901087732
357.16403536723396 431.6688901087732
0.0 0.0
0.0 0.0
0.0 0.0
0.0 0.0
0.0 0.0
0.0 0.0
0.0 0.0
1
0
0
0
false
false
false
false
false
false
false
false
6
8
8
8
157
1
1
H
non-metaux
1
403.16403536723396 173.6688901087732
380.62246566353974 70.96273708900473
0.0 0.0
0.0 0.0
0.0 0.0
0.0 0.0
0.0 0.0
0.0 0.0
0.0 0.0
0
1
0
0
false
false
false
false
false
false
false
false
8
1
8
8
157
1
1
H
non-metaux
1
453.16403536723396 223.6688901087732
304.36393190792444 209.2584346665805
0.0 0.0
0.0 0.0
0.0 0.0
0.0 0.0
0.0 0.0
0.0 0.0
0.0 0.0
0
1
0
0
false
false
false
false
false
false
false
false
8
8
8
8
157
1
1
H
non-metaux
1
306.16403536723396 373.6688901087732
96.31809099922467 214.39286482632247
0.0 0.0
0.0 0.0
0.0 0.0
0.0 0.0
0.0 0.0
0.0 0.0
0.0 0.0
0
0
0
1
false
false
false
false
false
false
false
false
8
8
8
2
157
1
1
H
non-metaux
1
403.16403536723396 373.6688901087732
431.6081689417329 475.0289266882405
0.0 0.0
0.0 0.0
0.0 0.0
0.0 0.0
0.0 0.0
0.0 0.0
0.0 0.0
0
1
0
0
false
false
false
false
false
false
false
false
8
2
8
8
157
1
1
H
non-metaux
1
306.16403536723396 323.6688901087732
95.70816696072053 155.66125373632508
0.0 0.0
0.0 0.0
0.0 0.0
0.0 0.0
0.0 0.0
0.0 0.0
0.0 0.0
0
0
0
1
false
false
false
false
false
false
false
false
8
8
8
0
157
1
1
H
non-metaux
1
403.16403536723396 273.6688901087732
242.63800139247522 219.73952978871677
0.0 0.0
0.0 0.0
0.0 0.0
0.0 0.0
0.0 0.0
0.0 0.0
0.0 0.0
0
1
0
0
false
false
false
false
false
false
false
false
8
4
8
8
157
1
1
H
non-metaux
1
453.16403536723396 323.6688901087732
163.77351956678103 125.88546860954662
0.0 0.0
0.0 0.0
0.0 0.0
0.0 0.0
0.0 0.0
0.0 0.0
0.0 0.0
0
1
0
0
false
false
false
false
false
false
false
false
8
7
8
8
157
1
1
H
non-metaux
1
256.16403536723396 273.6688901087732
176.48867048403426 282.2241305549465
0.0 0.0
0.0 0.0
0.0 0.0
0.0 0.0
0.0 0.0
0.0 0.0
0.0 0.0
0
0
0
1
false
false
false
false
false
false
false
false
8
8
8
5
157
1
1
H
non-metaux
1
306.16403536723396 223.6688901087732
123.04541215219706 39.329332149313245
0.0 0.0
0.0 0.0
0.0 0.0
0.0 0.0
0.0 0.0
0.0 0.0
0.0 0.0
0
0
0
1
false
false
false
false
false
false
false
false
8
8
8
3
End