17
409
1
6
C
non-metaux
4
144.05175736503276 283.22256920803454
145.05175736503276 241.22256920803454
0.0 0.0
197.54140298968423 283.6329477750124
0.0 0.0
159.05175736503276 288.22256920803454
0.0 0.0
171.05175736503276 258.22256920803454
0.0 0.0
1
1
1
1
false
false
false
false
false
false
false
false
9
3
11
4
409
1
6
C
non-metaux
4
242.05175736503276 283.22256920803454
243.05175736503276 241.22256920803454
0.0 0.0
99.33656076668203 429.6021426094143
0.0 0.0
257.05175736503276 288.22256920803454
0.0 0.0
269.05175736503276 258.22256920803454
0.0 0.0
1
1
1
1
false
false
false
false
false
false
false
false
12
4
8
2
409
1
6
C
non-metaux
4
290.05175736503276 283.22256920803454
291.05175736503276 241.22256920803454
0.0 0.0
61.195627951938576 121.85759415434615
0.0 0.0
305.05175736503276 288.22256920803454
0.0 0.0
317.05175736503276 258.22256920803454
0.0 0.0
1
1
1
1
false
false
false
false
false
false
false
false
16
1
6
15
409
1
6
C
non-metaux
4
96.05175736503276 283.22256920803454
97.05175736503277 241.22256920803454
0.0 0.0
86.05175736503276 272.22256920803454
0.0 0.0
111.05175736503276 288.22256920803454
0.0 0.0
123.05175736503277 258.22256920803454
0.0 0.0
1
1
1
1
false
false
false
false
false
false
false
false
5
14
7
0
409
1
8
O
non-metaux
6
192.05175736503276 283.22256920803454
194.05175736503276 241.22256920803454
208.05175736503276 241.22256920803454
283.05138023721304 247.65176204950194
182.05175736503276 258.22256920803454
208.05175736503276 288.22256920803454
194.05175736503276 288.22256920803454
221.05175736503276 258.22256920803454
0.0 0.0
0
1
0
1
true
true
false
false
true
true
false
false
8
0
8
1
409
1
8
O
non-metaux
6
96.05175736503276 233.22256920803454
98.05175736503276 191.22256920803454
112.05175736503276 191.22256920803454
86.05175736503276 222.22256920803454
86.05175736503276 208.22256920803454
180.15195467562003 172.00477602374463
0.0 0.0
125.05175736503276 208.22256920803454
125.05175736503276 222.22256920803454
1
0
1
0
false
false
true
true
false
false
true
true
10
8
3
8
409
1
8
O
non-metaux
6
290.05175736503276 333.22256920803454
451.2753459108504 305.9106691153845
306.05175736503276 291.22256920803454
280.05175736503276 322.22256920803454
280.05175736503276 308.22256920803454
306.05175736503276 338.22256920803454
0.0 0.0
319.05175736503276 308.22256920803454
319.05175736503276 322.22256920803454
1
0
1
0
false
false
true
true
false
false
true
true
2
8
13
8
409
1
1
H
non-metaux
1
96.05175736503276 333.22256920803454
112.13774212872235 441.51529023816107
0.0 0.0
0.0 0.0
0.0 0.0
0.0 0.0
0.0 0.0
0.0 0.0
0.0 0.0
1
0
0
0
false
false
false
false
false
false
false
false
3
8
8
8
409
1
1
H
non-metaux
1
242.05175736503276 333.22256920803454
490.8878210233394 393.5176866394042
0.0 0.0
0.0 0.0
0.0 0.0
0.0 0.0
0.0 0.0
0.0 0.0
0.0 0.0
1
0
0
0
false
false
false
false
false
false
false
false
1
8
8
8
409
1
1
H
non-metaux
1
144.05175736503276 233.22256920803454
239.22413058786066 179.19288485500195
0.0 0.0
0.0 0.0
0.0 0.0
0.0 0.0
0.0 0.0
0.0 0.0
0.0 0.0
0
0
1
0
false
false
false
false
false
false
false
false
8
8
0
8
409
1
1
H
non-metaux
1
96.05175736503276 183.22256920803454
157.29960993497312 151.24406275565858
0.0 0.0
0.0 0.0
0.0 0.0
0.0 0.0
0.0 0.0
0.0 0.0
0.0 0.0
0
0
1
0
false
false
false
false
false
false
false
false
8
8
5
8
409
1
1
H
non-metaux
1
144.05175736503276 333.22256920803454
232.2465344840459 381.0315024200124
0.0 0.0
0.0 0.0
0.0 0.0
0.0 0.0
0.0 0.0
0.0 0.0
0.0 0.0
1
0
0
0
false
false
false
false
false
false
false
false
0
8
8
8
409
1
1
H
non-metaux
1
242.05175736503276 233.22256920803454
116.4964920201021 97.50352685641974
0.0 0.0
0.0 0.0
0.0 0.0
0.0 0.0
0.0 0.0
0.0 0.0
0.0 0.0
0
0
1
0
false
false
false
false
false
false
false
false
8
8
1
8
409
1
1
H
non-metaux
1
290.05175736503276 383.22256920803454
91.93384590356543 27.322725858869262
0.0 0.0
0.0 0.0
0.0 0.0
0.0 0.0
0.0 0.0
0.0 0.0
0.0 0.0
1
0
0
0
false
false
false
false
false
false
false
false
6
8
8
8
409
1
1
H
non-metaux
1
47.051757365032756 283.22256920803454
123.73504127792094 303.6634389423749
0.0 0.0
0.0 0.0
0.0 0.0
0.0 0.0
0.0 0.0
0.0 0.0
0.0 0.0
0
0
0
1
false
false
false
false
false
false
false
false
8
8
8
3
409
1
1
H
non-metaux
1
338.05175736503276 283.22256920803454
447.8054917855813 247.39187160195047
0.0 0.0
0.0 0.0
0.0 0.0
0.0 0.0
0.0 0.0
0.0 0.0
0.0 0.0
0
1
0
0
false
false
false
false
false
false
false
false
8
2
8
8
409
1
1
H
non-metaux
1
290.05175736503276 233.22256920803454
399.4824840112046 140.6518384651785
0.0 0.0
0.0 0.0
0.0 0.0
0.0 0.0
0.0 0.0
0.0 0.0
0.0 0.0
0
0
1
0
false
false
false
false
false
false
false
false
8
8
2
8
End