22
372
1
6
C
non-metaux
4
96.23361413052191 293.0257777479451
97.23361413052191 251.02577774794509
0.0 0.0
236.8855079226905 222.36724708754525
0.0 0.0
111.23361413052191 298.0257777479451
0.0 0.0
123.23361413052189 268.0257777479451
0.0 0.0
1
1
1
1
false
false
false
false
false
false
false
false
15
5
17
7
372
1
6
C
non-metaux
4
342.2336141305219 293.0257777479451
343.2336141305219 251.02577774794509
0.0 0.0
345.31975794401916 147.65593363647912
0.0 0.0
357.2336141305219 298.0257777479451
0.0 0.0
369.2336141305219 268.0257777479451
0.0 0.0
2
1
0
1
false
false
false
false
false
false
false
false
21
3
8
8
372
1
7
N
non-metaux
5
242.23361413052191 293.0257777479451
244.23361413052191 251.02577774794509
258.2336141305219 251.02577774794509
354.2652268222191 411.67388165029746
0.0 0.0
258.2336141305219 298.0257777479451
0.0 0.0
271.2336141305219 268.0257777479451
0.0 0.0
0
1
0
2
true
true
false
false
false
false
false
false
8
4
8
3
372
1
7
N
non-metaux
5
292.2336141305219 293.0257777479451
294.2336141305219 251.02577774794509
308.2336141305219 251.02577774794509
82.25056141385393 58.603217356152896
0.0 0.0
308.2336141305219 298.0257777479451
0.0 0.0
321.2336141305219 268.0257777479451
0.0 0.0
0
2
0
1
true
true
false
false
false
false
false
false
8
2
8
1
372
1
6
C
non-metaux
4
194.23361413052191 293.0257777479451
195.23361413052191 251.02577774794509
0.0 0.0
161.7338523718255 486.93809506679526
0.0 0.0
209.23361413052191 298.0257777479451
0.0 0.0
221.2336141305219 268.0257777479451
0.0 0.0
2
1
0
1
false
false
false
false
false
false
false
false
20
7
8
2
372
1
6
C
non-metaux
4
48.233614130521914 293.0257777479451
49.233614130521914 251.02577774794509
0.0 0.0
38.233614130521886 282.0257777479451
0.0 0.0
63.233614130521914 298.0257777479451
0.0 0.0
75.23361413052189 268.0257777479451
0.0 0.0
1
1
1
1
false
false
false
false
false
false
false
false
13
6
16
0
372
1
1
H
non-metaux
1
-0.7663858694780856 293.0257777479451
459.15174487295127 373.2000789476014
0.0 0.0
0.0 0.0
0.0 0.0
0.0 0.0
0.0 0.0
0.0 0.0
0.0 0.0
0
0
0
1
false
false
false
false
false
false
false
false
8
8
8
5
372
1
8
O
non-metaux
6
144.23361413052191 293.0257777479451
146.23361413052191 251.02577774794509
160.23361413052191 251.02577774794509
448.59061732968445 439.1239927489373
134.23361413052191 268.0257777479451
160.23361413052191 298.0257777479451
146.23361413052191 298.0257777479451
173.2336141305219 268.0257777479451
0.0 0.0
0
1
0
1
true
true
false
false
true
true
false
false
8
0
8
4
372
1
8
O
non-metaux
6
390.2336141305219 293.0257777479451
392.2336141305219 251.02577774794509
406.2336141305219 251.02577774794509
159.25606415501105 179.53235227962065
380.2336141305219 268.0257777479451
406.2336141305219 298.0257777479451
392.2336141305219 298.0257777479451
419.2336141305219 268.0257777479451
0.0 0.0
0
1
0
1
true
true
false
false
true
true
false
false
8
1
8
10
372
1
6
C
non-metaux
4
488.2336141305219 293.0257777479451
489.2336141305219 251.02577774794509
0.0 0.0
413.13454660301016 435.3138932451607
0.0 0.0
503.2336141305219 298.0257777479451
0.0 0.0
515.2336141305219 268.0257777479451
0.0 0.0
1
1
1
1
false
false
false
false
false
false
false
false
11
10
19
18
372
1
6
C
non-metaux
4
440.2336141305219 293.0257777479451
441.2336141305219 251.02577774794509
0.0 0.0
394.3749969171253 366.26776145553526
0.0 0.0
455.2336141305219 298.0257777479451
0.0 0.0
467.2336141305219 268.0257777479451
0.0 0.0
1
1
1
1
false
false
false
false
false
false
false
false
12
8
14
9
372
1
1
H
non-metaux
1
488.2336141305219 243.02577774794509
400.71048814344545 137.98154115231463
0.0 0.0
0.0 0.0
0.0 0.0
0.0 0.0
0.0 0.0
0.0 0.0
0.0 0.0
0
0
1
0
false
false
false
false
false
false
false
false
8
8
9
8
372
1
1
H
non-metaux
1
440.2336141305219 243.02577774794509
165.68152102449193 43.31492843237763
0.0 0.0
0.0 0.0
0.0 0.0
0.0 0.0
0.0 0.0
0.0 0.0
0.0 0.0
0
0
1
0
false
false
false
false
false
false
false
false
8
8
10
8
372
1
1
H
non-metaux
1
48.233614130521914 243.02577774794509
190.0114466332692 470.08163353867553
0.0 0.0
0.0 0.0
0.0 0.0
0.0 0.0
0.0 0.0
0.0 0.0
0.0 0.0
0
0
1
0
false
false
false
false
false
false
false
false
8
8
5
8
372
1
1
H
non-metaux
1
440.2336141305219 343.0257777479451
386.04214655008775 368.6437079440122
0.0 0.0
0.0 0.0
0.0 0.0
0.0 0.0
0.0 0.0
0.0 0.0
0.0 0.0
1
0
0
0
false
false
false
false
false
false
false
false
10
8
8
8
372
1
1
H
non-metaux
1
96.23361413052191 243.02577774794509
264.12917161002514 151.9873356129203
0.0 0.0
0.0 0.0
0.0 0.0
0.0 0.0
0.0 0.0
0.0 0.0
0.0 0.0
0
0
1
0
false
false
false
false
false
false
false
false
8
8
0
8
372
1
1
H
non-metaux
1
48.233614130521914 343.0257777479451
146.18935727911636 383.3783400966615
0.0 0.0
0.0 0.0
0.0 0.0
0.0 0.0
0.0 0.0
0.0 0.0
0.0 0.0
1
0
0
0
false
false
false
false
false
false
false
false
5
8
8
8
372
1
1
H
non-metaux
1
96.23361413052191 343.0257777479451
261.9062774202218 70.33825751905897
0.0 0.0
0.0 0.0
0.0 0.0
0.0 0.0
0.0 0.0
0.0 0.0
0.0 0.0
1
0
0
0
false
false
false
false
false
false
false
false
0
8
8
8
372
1
1
H
non-metaux
1
536.2336141305219 293.0257777479451
392.72999783877015 72.51693513389706
0.0 0.0
0.0 0.0
0.0 0.0
0.0 0.0
0.0 0.0
0.0 0.0
0.0 0.0
0
1
0
0
false
false
false
false
false
false
false
false
8
9
8
8
372
1
1
H
non-metaux
1
488.2336141305219 343.0257777479451
514.0078461330847 8.142776108457113
0.0 0.0
0.0 0.0
0.0 0.0
0.0 0.0
0.0 0.0
0.0 0.0
0.0 0.0
1
0
0
0
false
false
false
false
false
false
false
false
9
8
8
8
372
1
8
O
non-metaux
6
194.23361413052191 243.02577774794509
196.23361413052191 201.02577774794509
210.23361413052191 201.02577774794509
184.23361413052191 232.02577774794509
184.23361413052191 218.02577774794509
220.01214881132597 147.92313602966536
0.0 0.0
223.23361413052191 218.02577774794509
0.0 0.0
0
0
2
0
true
true
true
true
false
false
false
false
8
8
4
8
372
1
8
O
non-metaux
6
342.2336141305219 243.02577774794509
344.2336141305219 201.02577774794509
358.2336141305219 201.02577774794509
332.2336141305219 232.02577774794509
332.2336141305219 218.02577774794509
88.50257675015284 429.2843399020537
0.0 0.0
371.2336141305219 218.02577774794509
0.0 0.0
0
0
2
0
true
true
true
true
false
false
false
false
8
8
1
8
End