15
394
1
6
C
non-metaux
4
201.5561589049385 301.79917765097343
202.5561589049385 259.79917765097343
0.0 0.0
191.5561589049385 290.79917765097343
0.0 0.0
216.5561589049385 306.79917765097343
0.0 0.0
228.5561589049385 276.79917765097343
0.0 0.0
1
1
1
1
false
false
false
false
false
false
false
false
5
6
14
3
394
1
6
C
non-metaux
4
347.5561589049385 301.79917765097343
348.5561589049385 259.79917765097343
0.0 0.0
469.44693458099437 425.54119199289556
0.0 0.0
362.5561589049385 306.79917765097343
0.0 0.0
374.5561589049385 276.79917765097343
0.0 0.0
1
1
1
1
false
false
false
false
false
false
false
false
8
2
9
4
394
1
8
O
non-metaux
6
297.5561589049385 301.79917765097343
299.5561589049385 259.79917765097343
313.5561589049385 259.79917765097343
482.57015034957095 82.2411731469672
287.5561589049385 276.79917765097343
313.5561589049385 306.79917765097343
299.5561589049385 306.79917765097343
326.5561589049385 276.79917765097343
0.0 0.0
0
1
0
1
true
true
false
false
true
true
false
false
8
3
8
1
394
1
6
C
non-metaux
4
249.5561589049385 301.79917765097343
250.5561589049385 259.79917765097343
0.0 0.0
175.1934159125452 368.64404600000694
0.0 0.0
264.5561589049385 306.79917765097343
0.0 0.0
276.5561589049385 276.79917765097343
0.0 0.0
1
1
1
1
false
false
false
false
false
false
false
false
12
0
10
2
394
1
6
C
non-metaux
4
395.5561589049385 301.79917765097343
396.5561589049385 259.79917765097343
0.0 0.0
110.76388451951081 467.1730466021714
0.0 0.0
410.5561589049385 306.79917765097343
0.0 0.0
422.5561589049385 276.79917765097343
0.0 0.0
1
1
1
1
false
false
false
false
false
false
false
false
11
1
7
13
394
1
1
H
non-metaux
1
201.5561589049385 251.79917765097343
193.98410886226335 112.77184247333972
0.0 0.0
0.0 0.0
0.0 0.0
0.0 0.0
0.0 0.0
0.0 0.0
0.0 0.0
0
0
1
0
false
false
false
false
false
false
false
false
8
8
0
8
394
1
1
H
non-metaux
1
152.5561589049385 301.79917765097343
166.6907625283114 23.553564221113447
0.0 0.0
0.0 0.0
0.0 0.0
0.0 0.0
0.0 0.0
0.0 0.0
0.0 0.0
0
0
0
1
false
false
false
false
false
false
false
false
8
8
8
0
394
1
1
H
non-metaux
1
395.5561589049385 351.79917765097343
396.88719049835055 361.2109248452958
0.0 0.0
0.0 0.0
0.0 0.0
0.0 0.0
0.0 0.0
0.0 0.0
0.0 0.0
1
0
0
0
false
false
false
false
false
false
false
false
4
8
8
8
394
1
1
H
non-metaux
1
347.5561589049385 251.79917765097343
440.6876849665242 456.8122540372022
0.0 0.0
0.0 0.0
0.0 0.0
0.0 0.0
0.0 0.0
0.0 0.0
0.0 0.0
0
0
1
0
false
false
false
false
false
false
false
false
8
8
1
8
394
1
1
H
non-metaux
1
347.5561589049385 351.79917765097343
333.3238850972655 324.95810482914135
0.0 0.0
0.0 0.0
0.0 0.0
0.0 0.0
0.0 0.0
0.0 0.0
0.0 0.0
1
0
0
0
false
false
false
false
false
false
false
false
1
8
8
8
394
1
1
H
non-metaux
1
249.5561589049385 351.79917765097343
132.43468387418034 379.15891236395333
0.0 0.0
0.0 0.0
0.0 0.0
0.0 0.0
0.0 0.0
0.0 0.0
0.0 0.0
1
0
0
0
false
false
false
false
false
false
false
false
3
8
8
8
394
1
1
H
non-metaux
1
395.5561589049385 251.79917765097343
499.859133102303 162.8239473581466
0.0 0.0
0.0 0.0
0.0 0.0
0.0 0.0
0.0 0.0
0.0 0.0
0.0 0.0
0
0
1
0
false
false
false
false
false
false
false
false
8
8
4
8
394
1
1
H
non-metaux
1
249.5561589049385 251.79917765097343
224.786795152126 174.10866421213
0.0 0.0
0.0 0.0
0.0 0.0
0.0 0.0
0.0 0.0
0.0 0.0
0.0 0.0
0
0
1
0
false
false
false
false
false
false
false
false
8
8
3
8
394
1
1
H
non-metaux
1
443.5561589049385 301.79917765097343
492.19003058247176 357.3287259213274
0.0 0.0
0.0 0.0
0.0 0.0
0.0 0.0
0.0 0.0
0.0 0.0
0.0 0.0
0
1
0
0
false
false
false
false
false
false
false
false
8
4
8
8
394
1
1
H
non-metaux
1
201.5561589049385 351.79917765097343
47.92165745535253 74.07574468746719
0.0 0.0
0.0 0.0
0.0 0.0
0.0 0.0
0.0 0.0
0.0 0.0
0.0 0.0
1
0
0
0
false
false
false
false
false
false
false
false
0
8
8
8
End