23
426
1
8
O
non-metaux
6
404.9933353780375 283.48302712087656
406.9933353780375 241.48302712087656
420.9933353780375 241.48302712087656
416.04380532931265 148.55468825719606
394.9933353780375 258.48302712087656
420.9933353780375 288.48302712087656
406.9933353780375 288.48302712087656
433.9933353780375 258.48302712087656
0.0 0.0
0
1
0
1
true
true
false
false
true
true
false
false
8
5
8
7
426
1
8
O
non-metaux
6
112.9933353780375 283.48302712087656
114.9933353780375 241.48302712087656
128.9933353780375 241.48302712087656
36.46453382345379 441.8369198839333
102.9933353780375 258.48302712087656
128.9933353780375 288.48302712087656
114.9933353780375 288.48302712087656
141.9933353780375 258.48302712087656
0.0 0.0
0
1
0
1
true
true
false
false
true
true
false
false
8
3
8
8
426
1
8
O
non-metaux
6
258.9933353780375 283.48302712087656
260.9933353780375 241.48302712087656
274.9933353780375 241.48302712087656
391.48495685721 321.45357893083144
248.9933353780375 258.48302712087656
274.9933353780375 288.48302712087656
260.9933353780375 288.48302712087656
287.9933353780375 258.48302712087656
0.0 0.0
0
1
0
1
true
true
false
false
true
true
false
false
8
6
8
4
426
1
6
C
non-metaux
4
64.9933353780375 283.48302712087656
65.9933353780375 241.48302712087656
0.0 0.0
54.9933353780375 272.48302712087656
0.0 0.0
79.9933353780375 288.48302712087656
0.0 0.0
91.9933353780375 258.48302712087656
0.0 0.0
1
1
1
1
false
false
false
false
false
false
false
false
22
18
17
1
426
1
6
C
non-metaux
4
308.9933353780375 283.48302712087656
309.9933353780375 241.48302712087656
0.0 0.0
323.63202616784923 333.36130437081636
0.0 0.0
323.9933353780375 288.48302712087656
0.0 0.0
335.9933353780375 258.48302712087656
0.0 0.0
1
1
1
1
false
false
false
false
false
false
false
false
13
2
12
5
426
1
6
C
non-metaux
4
356.9933353780375 283.48302712087656
357.9933353780375 241.48302712087656
0.0 0.0
336.6271017564459 451.465630070512
0.0 0.0
371.9933353780375 288.48302712087656
0.0 0.0
383.9933353780375 258.48302712087656
0.0 0.0
1
1
1
1
false
false
false
false
false
false
false
false
19
4
16
0
426
1
6
C
non-metaux
4
210.9933353780375 283.48302712087656
211.9933353780375 241.48302712087656
0.0 0.0
273.71107483840865 429.1257176876789
0.0 0.0
225.9933353780375 288.48302712087656
0.0 0.0
237.9933353780375 258.48302712087656
0.0 0.0
1
1
1
1
false
false
false
false
false
false
false
false
9
8
10
2
426
1
6
C
non-metaux
4
454.9933353780375 283.48302712087656
455.9933353780375 241.48302712087656
0.0 0.0
258.66843134502005 40.333939695311045
0.0 0.0
469.9933353780375 288.48302712087656
0.0 0.0
481.9933353780375 258.48302712087656
0.0 0.0
1
1
1
1
false
false
false
false
false
false
false
false
20
0
15
21
426
1
6
C
non-metaux
4
162.9933353780375 283.48302712087656
163.9933353780375 241.48302712087656
0.0 0.0
205.6134126369929 246.3464413734468
0.0 0.0
177.9933353780375 288.48302712087656
0.0 0.0
189.9933353780375 258.48302712087656
0.0 0.0
1
1
1
1
false
false
false
false
false
false
false
false
14
1
11
6
426
1
1
H
non-metaux
1
210.9933353780375 233.48302712087656
312.96695854731706 80.19938960437455
0.0 0.0
0.0 0.0
0.0 0.0
0.0 0.0
0.0 0.0
0.0 0.0
0.0 0.0
0
0
1
0
false
false
false
false
false
false
false
false
8
8
6
8
426
1
1
H
non-metaux
1
210.9933353780375 333.48302712087656
318.26745132725085 324.2477294230247
0.0 0.0
0.0 0.0
0.0 0.0
0.0 0.0
0.0 0.0
0.0 0.0
0.0 0.0
1
0
0
0
false
false
false
false
false
false
false
false
6
8
8
8
426
1
1
H
non-metaux
1
162.9933353780375 333.48302712087656
246.1398918471357 389.80191523310566
0.0 0.0
0.0 0.0
0.0 0.0
0.0 0.0
0.0 0.0
0.0 0.0
0.0 0.0
1
0
0
0
false
false
false
false
false
false
false
false
8
8
8
8
426
1
1
H
non-metaux
1
308.9933353780375 333.48302712087656
385.9277944311903 333.9784065070249
0.0 0.0
0.0 0.0
0.0 0.0
0.0 0.0
0.0 0.0
0.0 0.0
0.0 0.0
1
0
0
0
false
false
false
false
false
false
false
false
4
8
8
8
426
1
1
H
non-metaux
1
308.9933353780375 233.48302712087656
240.9094537580146 32.78548550942139
0.0 0.0
0.0 0.0
0.0 0.0
0.0 0.0
0.0 0.0
0.0 0.0
0.0 0.0
0
0
1
0
false
false
false
false
false
false
false
false
8
8
4
8
426
1
1
H
non-metaux
1
162.9933353780375 233.48302712087656
138.809616987632 187.05795519898237
0.0 0.0
0.0 0.0
0.0 0.0
0.0 0.0
0.0 0.0
0.0 0.0
0.0 0.0
0
0
1
0
false
false
false
false
false
false
false
false
8
8
8
8
426
1
1
H
non-metaux
1
454.9933353780375 333.48302712087656
48.209486557348534 13.54649340715013
0.0 0.0
0.0 0.0
0.0 0.0
0.0 0.0
0.0 0.0
0.0 0.0
0.0 0.0
1
0
0
0
false
false
false
false
false
false
false
false
7
8
8
8
426
1
1
H
non-metaux
1
356.9933353780375 333.48302712087656
372.03889291268564 408.21502521292285
0.0 0.0
0.0 0.0
0.0 0.0
0.0 0.0
0.0 0.0
0.0 0.0
0.0 0.0
1
0
0
0
false
false
false
false
false
false
false
false
5
8
8
8
426
1
1
H
non-metaux
1
64.9933353780375 333.48302712087656
64.92592811146329 434.3761003840273
0.0 0.0
0.0 0.0
0.0 0.0
0.0 0.0
0.0 0.0
0.0 0.0
0.0 0.0
1
0
0
0
false
false
false
false
false
false
false
false
3
8
8
8
426
1
1
H
non-metaux
1
15.9933353780375 283.48302712087656
170.54455091478937 315.16638465919146
0.0 0.0
0.0 0.0
0.0 0.0
0.0 0.0
0.0 0.0
0.0 0.0
0.0 0.0
0
0
0
1
false
false
false
false
false
false
false
false
8
8
8
3
426
1
1
H
non-metaux
1
356.9933353780375 233.48302712087656
453.6864185787068 359.6803909579135
0.0 0.0
0.0 0.0
0.0 0.0
0.0 0.0
0.0 0.0
0.0 0.0
0.0 0.0
0
0
1
0
false
false
false
false
false
false
false
false
8
8
5
8
426
1
1
H
non-metaux
1
454.9933353780375 233.48302712087656
521.7260207810841 398.8559086815606
0.0 0.0
0.0 0.0
0.0 0.0
0.0 0.0
0.0 0.0
0.0 0.0
0.0 0.0
0
0
1
0
false
false
false
false
false
false
false
false
8
8
7
8
426
1
1
H
non-metaux
1
502.9933353780375 283.48302712087656
134.03630276341528 20.732409961979755
0.0 0.0
0.0 0.0
0.0 0.0
0.0 0.0
0.0 0.0
0.0 0.0
0.0 0.0
0
1
0
0
false
false
false
false
false
false
false
false
8
7
8
8
426
1
1
H
non-metaux
1
64.9933353780375 233.48302712087656
106.49221944455289 381.43058756014267
0.0 0.0
0.0 0.0
0.0 0.0
0.0 0.0
0.0 0.0
0.0 0.0
0.0 0.0
0
0
1
0
false
false
false
false
false
false
false
false
8
8
3
8
End