28
0
1
8
O
non-metaux
6
444.2665831952151 226.07424536283747
446.2665831952151 184.07424536283747
460.2665831952151 184.07424536283747
434.2665831952151 215.07424536283744
434.2665831952151 201.07424536283744
460.2665831952151 231.07424536283747
446.2665831952151 231.07424536283747
524.1568238523294 467.4956707113088
0.0 0.0
0
1
0
1
true
true
false
false
true
true
false
false
8
6
8
2
0
1
8
O
non-metaux
6
198.2665831952151 226.07424536283747
200.2665831952151 184.07424536283747
214.2665831952151 184.07424536283747
188.2665831952151 215.07424536283744
188.2665831952151 201.07424536283744
214.2665831952151 231.07424536283747
200.2665831952151 231.07424536283747
91.52457996845027 423.54237084008173
0.0 0.0
0
1
0
1
true
true
false
false
true
true
false
false
8
10
8
9
0
1
6
C
non-metaux
4
494.2665831952151 226.07424536283747
495.2665831952151 184.07424536283744
0.0 0.0
484.2665831952151 215.07424536283744
0.0 0.0
509.26658319521516 231.07424536283744
0.0 0.0
521.2665831952152 201.07424536283744
0.0 0.0
1
1
1
1
false
false
false
false
false
false
false
false
3
0
5
4
0
1
6
C
non-metaux
4
494.2665831952151 176.07424536283747
495.2665831952151 134.07424536283747
0.0 0.0
484.2665831952151 165.07424536283747
0.0 0.0
309.1491984801711 210.4712779663837
0.0 0.0
521.2665831952152 151.07424536283747
0.0 0.0
1
1
1
1
false
false
false
false
false
false
false
false
20
22
2
19
0
1
1
H
non-metaux
1
542.2665831952152 226.07424536283747
369.56889239154253 477.20729820000133
0.0 0.0
0.0 0.0
0.0 0.0
0.0 0.0
0.0 0.0
0.0 0.0
0.0 0.0
0
1
0
0
false
false
false
false
false
false
false
false
8
2
8
8
0
1
6
C
non-metaux
4
494.2665831952151 276.0742453628375
421.60771948748913 205.17079764267507
0.0 0.0
484.2665831952151 265.0742453628375
0.0 0.0
509.26658319521516 281.0742453628375
0.0 0.0
521.2665831952152 251.07424536283747
0.0 0.0
1
1
1
1
false
false
false
false
false
false
false
false
2
17
16
26
0
1
6
C
non-metaux
4
396.2665831952151 226.07424536283747
397.2665831952151 184.07424536283744
0.0 0.0
386.2665831952151 215.07424536283744
0.0 0.0
411.2665831952151 231.07424536283744
0.0 0.0
91.72965278921285 70.19018147633463
0.0 0.0
2
1
0
1
false
false
false
false
false
false
false
false
13
7
8
0
0
1
7
N
non-metaux
5
346.2665831952151 226.07424536283747
348.2665831952151 184.07424536283747
362.2665831952151 184.07424536283747
336.2665831952151 215.07424536283744
0.0 0.0
362.2665831952151 231.07424536283744
0.0 0.0
295.25996784105257 56.74264775723998
0.0 0.0
0
2
0
1
true
true
false
false
false
false
false
false
8
8
8
6
0
1
7
N
non-metaux
5
296.2665831952151 226.07424536283747
298.2665831952151 184.07424536283747
312.2665831952151 184.07424536283747
286.2665831952151 215.07424536283744
0.0 0.0
312.2665831952151 231.07424536283744
0.0 0.0
209.26082354437474 436.4038574449769
0.0 0.0
0
1
0
2
true
true
false
false
false
false
false
false
8
9
8
7
0
1
6
C
non-metaux
4
248.2665831952151 226.07424536283747
249.2665831952151 184.07424536283744
0.0 0.0
238.2665831952151 215.07424536283744
0.0 0.0
263.2665831952151 231.07424536283744
0.0 0.0
515.7130973077749 51.32236123028292
0.0 0.0
2
1
0
1
false
false
false
false
false
false
false
false
12
1
8
8
0
1
6
C
non-metaux
4
150.2665831952151 226.07424536283747
151.2665831952151 184.07424536283744
0.0 0.0
140.2665831952151 215.07424536283744
0.0 0.0
165.2665831952151 231.07424536283744
0.0 0.0
201.96076788590153 262.97250553009974
0.0 0.0
1
1
1
1
false
false
false
false
false
false
false
false
15
11
14
1
0
1
1
H
non-metaux
1
101.2665831952151 226.07424536283747
155.142591029235 411.9899219649379
0.0 0.0
0.0 0.0
0.0 0.0
0.0 0.0
0.0 0.0
0.0 0.0
0.0 0.0
0
0
0
1
false
false
false
false
false
false
false
false
8
8
8
10
0
1
8
O
non-metaux
6
248.2665831952151 176.07424536283747
250.2665831952151 134.07424536283747
264.2665831952151 134.07424536283747
238.2665831952151 165.07424536283747
238.2665831952151 151.07424536283747
369.2529130507455 117.31895682387348
0.0 0.0
277.2665831952151 151.07424536283744
0.0 0.0
0
0
2
0
true
true
true
true
false
false
false
false
8
8
9
8
0
1
8
O
non-metaux
6
396.2665831952151 176.07424536283747
398.2665831952151 134.07424536283747
412.2665831952151 134.07424536283747
386.2665831952151 165.07424536283747
386.2665831952151 151.07424536283747
508.073766856691 363.5830795915776
0.0 0.0
425.2665831952151 151.07424536283744
0.0 0.0
0
0
2
0
true
true
true
true
false
false
false
false
8
8
6
8
0
1
6
C
non-metaux
4
150.2665831952151 276.0742453628375
451.7943586905398 7.886299032743011
0.0 0.0
140.2665831952151 265.0742453628375
0.0 0.0
165.2665831952151 281.0742453628375
0.0 0.0
177.2665831952151 251.07424536283747
0.0 0.0
1
1
1
1
false
false
false
false
false
false
false
false
10
24
21
25
0
1
6
C
non-metaux
4
150.2665831952151 176.07424536283747
151.2665831952151 134.07424536283744
0.0 0.0
140.2665831952151 165.07424536283744
0.0 0.0
55.359576037900084 71.17775780322633
0.0 0.0
177.2665831952151 151.07424536283744
0.0 0.0
1
1
1
1
false
false
false
false
false
false
false
false
23
18
10
27
0
1
1
H
non-metaux
1
494.2665831952151 326.0742453628375
422.0918192430634 386.14958271084095
0.0 0.0
0.0 0.0
0.0 0.0
0.0 0.0
0.0 0.0
0.0 0.0
0.0 0.0
1
0
0
0
false
false
false
false
false
false
false
false
5
8
8
8
0
1
1
H
non-metaux
1
445.2665831952151 276.0742453628375
377.5398762344116 253.33941867970174
0.0 0.0
0.0 0.0
0.0 0.0
0.0 0.0
0.0 0.0
0.0 0.0
0.0 0.0
0
0
0
1
false
false
false
false
false
false
false
false
8
8
8
5
0
1
1
H
non-metaux
1
101.2665831952151 176.07424536283747
143.0091194748597 370.1404094093185
0.0 0.0
0.0 0.0
0.0 0.0
0.0 0.0
0.0 0.0
0.0 0.0
0.0 0.0
0
0
0
1
false
false
false
false
false
false
false
false
8
8
8
15
0
1
1
H
non-metaux
1
542.2665831952152 176.07424536283747
326.73511087695385 116.50783318780094
0.0 0.0
0.0 0.0
0.0 0.0
0.0 0.0
0.0 0.0
0.0 0.0
0.0 0.0
0
1
0
0
false
false
false
false
false
false
false
false
8
3
8
8
0
1
1
H
non-metaux
1
494.2665831952151 126.07424536283747
417.8618308542952 29.122563817297106
0.0 0.0
0.0 0.0
0.0 0.0
0.0 0.0
0.0 0.0
0.0 0.0
0.0 0.0
0
0
1
0
false
false
false
false
false
false
false
false
8
8
3
8
0
1
1
H
non-metaux
1
150.2665831952151 326.0742453628375
253.73231202150737 449.3009224794634
0.0 0.0
0.0 0.0
0.0 0.0
0.0 0.0
0.0 0.0
0.0 0.0
0.0 0.0
1
0
0
0
false
false
false
false
false
false
false
false
14
8
8
8
0
1
1
H
non-metaux
1
445.2665831952151 176.07424536283747
329.6531339219103 34.30050029132062
0.0 0.0
0.0 0.0
0.0 0.0
0.0 0.0
0.0 0.0
0.0 0.0
0.0 0.0
0
0
0
1
false
false
false
false
false
false
false
false
8
8
8
3
0
1
1
H
non-metaux
1
150.2665831952151 126.07424536283747
166.88566512573038 30.78486474428925
0.0 0.0
0.0 0.0
0.0 0.0
0.0 0.0
0.0 0.0
0.0 0.0
0.0 0.0
0
0
1
0
false
false
false
false
false
false
false
false
8
8
15
8
0
1
1
H
non-metaux
1
101.2665831952151 276.0742453628375
193.56264006817057 461.750027645076
0.0 0.0
0.0 0.0
0.0 0.0
0.0 0.0
0.0 0.0
0.0 0.0
0.0 0.0
0
0
0
1
false
false
false
false
false
false
false
false
8
8
8
14
0
1
1
H
non-metaux
1
198.2665831952151 276.0742453628375
258.2688768101773 387.8641624919655
0.0 0.0
0.0 0.0
0.0 0.0
0.0 0.0
0.0 0.0
0.0 0.0
0.0 0.0
0
1
0
0
false
false
false
false
false
false
false
false
8
14
8
8
0
1
1
H
non-metaux
1
542.2665831952152 276.0742453628375
478.4352898935246 445.97102686284825
0.0 0.0
0.0 0.0
0.0 0.0
0.0 0.0
0.0 0.0
0.0 0.0
0.0 0.0
0
1
0
0
false
false
false
false
false
false
false
false
8
5
8
8
0
1
1
H
non-metaux
1
198.2665831952151 176.07424536283747
221.16531302842915 282.7620437126101
0.0 0.0
0.0 0.0
0.0 0.0
0.0 0.0
0.0 0.0
0.0 0.0
0.0 0.0
0
1
0
0
false
false
false
false
false
false
false
false
8
15
8
8
End