9
188
1
6
C
non-metaux
4
283.30731962992775 163.36147068389772
284.30731962992775 121.36147068389772
0.0 0.0
273.30731962992775 152.36147068389772
0.0 0.0
298.30731962992775 168.36147068389772
0.0 0.0
221.35994847876196 68.42788430421905
0.0 0.0
1
1
1
1
false
false
false
false
false
false
false
false
3
4
5
1
188
1
16
S
non-metaux
6
331.30731962992775 163.36147068389772
330.30731962992775 121.36147068389772
344.30731962992775 121.36147068389772
321.30731962992775 152.36147068389772
321.30731962992775 138.36147068389772
344.30731962992775 168.36147068389772
330.30731962992775 168.36147068389772
176.9594221433839 220.79169032798438
0.0 0.0
0
1
0
1
true
true
false
false
true
true
false
false
8
0
8
2
188
1
6
C
non-metaux
4
374.30731962992775 163.36147068389772
375.30731962992775 121.36147068389772
0.0 0.0
364.30731962992775 152.36147068389772
0.0 0.0
389.30731962992775 168.36147068389772
0.0 0.0
401.30731962992775 138.36147068389772
0.0 0.0
1
1
1
1
false
false
false
false
false
false
false
false
7
1
6
8
188
1
1
H
non-metaux
1
283.30731962992775 113.36147068389772
173.18087848862064 98.18617997970517
0.0 0.0
0.0 0.0
0.0 0.0
0.0 0.0
0.0 0.0
0.0 0.0
0.0 0.0
0
0
1
0
false
false
false
false
false
false
false
false
8
8
0
8
188
1
1
H
non-metaux
1
234.30731962992775 163.36147068389772
314.17958373991996 269.0129021189598
0.0 0.0
0.0 0.0
0.0 0.0
0.0 0.0
0.0 0.0
0.0 0.0
0.0 0.0
0
0
0
1
false
false
false
false
false
false
false
false
8
8
8
0
188
1
1
H
non-metaux
1
283.30731962992775 213.36147068389772
384.25315540502777 454.4858111512065
0.0 0.0
0.0 0.0
0.0 0.0
0.0 0.0
0.0 0.0
0.0 0.0
0.0 0.0
1
0
0
0
false
false
false
false
false
false
false
false
0
8
8
8
188
1
1
H
non-metaux
1
374.30731962992775 213.36147068389772
42.23502363610157 470.3934984473826
0.0 0.0
0.0 0.0
0.0 0.0
0.0 0.0
0.0 0.0
0.0 0.0
0.0 0.0
1
0
0
0
false
false
false
false
false
false
false
false
2
8
8
8
188
1
1
H
non-metaux
1
374.30731962992775 113.36147068389772
410.2915510440609 7.812033307447479
0.0 0.0
0.0 0.0
0.0 0.0
0.0 0.0
0.0 0.0
0.0 0.0
0.0 0.0
0
0
1
0
false
false
false
false
false
false
false
false
8
8
2
8
188
1
1
H
non-metaux
1
422.30731962992775 163.36147068389772
145.45750361519055 237.94111238108468
0.0 0.0
0.0 0.0
0.0 0.0
0.0 0.0
0.0 0.0
0.0 0.0
0.0 0.0
0
1
0
0
false
false
false
false
false
false
false
false
8
2
8
8
End