10
28
1
16
S
non-metaux
6
265.06377398542605 398.8944695368038
264.06377398542605 356.8944695368038
278.06377398542605 356.8944695368038
57.79547381305191 104.38308360065678
255.06377398542605 373.8944695368038
278.06377398542605 403.8944695368038
264.06377398542605 403.8944695368038
287.06377398542605 373.8944695368038
0.0 0.0
2
1
0
1
false
false
false
false
true
true
false
false
9
2
8
1
28
1
6
C
non-metaux
4
308.06377398542605 398.8944695368038
309.06377398542605 356.8944695368038
0.0 0.0
291.9828697826553 69.41789008078439
0.0 0.0
323.06377398542605 403.8944695368038
0.0 0.0
335.06377398542605 373.8944695368038
0.0 0.0
1
1
1
1
false
false
false
false
false
false
false
false
5
0
4
3
28
1
6
C
non-metaux
4
217.06377398542605 398.8944695368038
218.06377398542605 356.8944695368038
0.0 0.0
207.06377398542605 387.8944695368038
0.0 0.0
232.06377398542605 403.8944695368038
0.0 0.0
244.06377398542605 373.8944695368038
0.0 0.0
1
1
1
1
false
false
false
false
false
false
false
false
6
7
8
0
28
1
1
H
non-metaux
1
356.06377398542605 398.8944695368038
510.403869307097 104.56254525113283
0.0 0.0
0.0 0.0
0.0 0.0
0.0 0.0
0.0 0.0
0.0 0.0
0.0 0.0
0
1
0
0
false
false
false
false
false
false
false
false
8
1
8
8
28
1
1
H
non-metaux
1
308.06377398542605 448.8944695368038
120.20152838903195 331.3773349879197
0.0 0.0
0.0 0.0
0.0 0.0
0.0 0.0
0.0 0.0
0.0 0.0
0.0 0.0
1
0
0
0
false
false
false
false
false
false
false
false
1
8
8
8
28
1
1
H
non-metaux
1
308.06377398542605 348.8944695368038
442.6528024836169 172.90244965482358
0.0 0.0
0.0 0.0
0.0 0.0
0.0 0.0
0.0 0.0
0.0 0.0
0.0 0.0
0
0
1
0
false
false
false
false
false
false
false
false
8
8
1
8
28
1
1
H
non-metaux
1
217.06377398542605 348.8944695368038
217.85448905251823 211.73678241830413
0.0 0.0
0.0 0.0
0.0 0.0
0.0 0.0
0.0 0.0
0.0 0.0
0.0 0.0
0
0
1
0
false
false
false
false
false
false
false
false
8
8
2
8
28
1
1
H
non-metaux
1
168.06377398542605 398.8944695368038
459.7602047777879 29.092699724960866
0.0 0.0
0.0 0.0
0.0 0.0
0.0 0.0
0.0 0.0
0.0 0.0
0.0 0.0
0
0
0
1
false
false
false
false
false
false
false
false
8
8
8
2
28
1
1
H
non-metaux
1
217.06377398542605 448.8944695368038
199.21060959388777 30.42439846678181
0.0 0.0
0.0 0.0
0.0 0.0
0.0 0.0
0.0 0.0
0.0 0.0
0.0 0.0
1
0
0
0
false
false
false
false
false
false
false
false
2
8
8
8
28
1
8
O
non-metaux
6
265.06377398542605 348.8944695368038
267.06377398542605 306.8944695368038
281.06377398542605 306.8944695368038
255.06377398542605 337.8944695368038
255.06377398542605 323.8944695368038
94.08300545118841 68.73385975627833
0.0 0.0
294.06377398542605 323.8944695368038
0.0 0.0
0
0
2
0
true
true
true
true
false
false
false
false
8
8
0
8
End