14
177
1
6
C
non-metaux
4
372.9380771381974 219.23579005457282
373.9380771381974 177.23579005457282
0.0 0.0
320.59136989559835 101.19269116308489
0.0 0.0
387.9380771381974 224.23579005457282
0.0 0.0
399.9380771381974 194.23579005457282
0.0 0.0
1
1
1
1
false
false
false
false
false
false
false
false
8
2
12
7
177
1
6
C
non-metaux
4
226.9380771381974 219.23579005457282
227.93807713819737 177.23579005457282
0.0 0.0
239.15168745906706 169.69379918533264
0.0 0.0
241.93807713819737 224.23579005457282
0.0 0.0
253.93807713819737 194.23579005457282
0.0 0.0
2
1
0
1
false
false
false
false
false
false
false
false
5
3
8
4
177
1
6
C
non-metaux
4
324.9380771381974 219.23579005457282
325.9380771381974 177.23579005457282
0.0 0.0
438.0866990141037 190.2599056861818
0.0 0.0
339.9380771381974 224.23579005457282
0.0 0.0
351.9380771381974 194.23579005457282
0.0 0.0
1
1
1
1
false
false
false
false
false
false
false
false
11
4
6
0
177
1
6
C
non-metaux
4
178.9380771381974 219.23579005457282
179.9380771381974 177.23579005457282
0.0 0.0
168.9380771381974 208.23579005457282
0.0 0.0
193.9380771381974 224.23579005457282
0.0 0.0
205.93807713819737 194.23579005457282
0.0 0.0
1
1
1
1
false
false
false
false
false
false
false
false
13
10
9
1
177
1
8
O
non-metaux
6
274.9380771381974 219.23579005457282
276.9380771381974 177.23579005457282
290.9380771381974 177.23579005457282
354.3783595104208 478.12659534962444
264.9380771381974 194.23579005457282
290.9380771381974 224.23579005457282
276.9380771381974 224.23579005457282
303.9380771381974 194.23579005457282
0.0 0.0
0
1
0
1
true
true
false
false
true
true
false
false
8
1
8
2
177
1
8
O
non-metaux
6
226.9380771381974 169.23579005457282
228.9380771381974 127.23579005457282
242.9380771381974 127.23579005457282
216.9380771381974 158.23579005457282
216.9380771381974 144.23579005457282
171.09011506861697 460.0185263042093
0.0 0.0
255.93807713819737 144.23579005457282
0.0 0.0
0
0
2
0
true
true
true
true
false
false
false
false
8
8
1
8
177
1
1
H
non-metaux
1
324.9380771381974 269.2357900545728
398.23912866875656 265.19381215779
0.0 0.0
0.0 0.0
0.0 0.0
0.0 0.0
0.0 0.0
0.0 0.0
0.0 0.0
1
0
0
0
false
false
false
false
false
false
false
false
2
8
8
8
177
1
1
H
non-metaux
1
420.9380771381974 219.23579005457282
191.85706824376808 471.07249175890934
0.0 0.0
0.0 0.0
0.0 0.0
0.0 0.0
0.0 0.0
0.0 0.0
0.0 0.0
0
1
0
0
false
false
false
false
false
false
false
false
8
0
8
8
177
1
1
H
non-metaux
1
372.9380771381974 169.23579005457282
224.9968650712766 418.39333634007727
0.0 0.0
0.0 0.0
0.0 0.0
0.0 0.0
0.0 0.0
0.0 0.0
0.0 0.0
0
0
1
0
false
false
false
false
false
false
false
false
8
8
0
8
177
1
1
H
non-metaux
1
178.9380771381974 269.2357900545728
124.52103870848708 328.2511625897877
0.0 0.0
0.0 0.0
0.0 0.0
0.0 0.0
0.0 0.0
0.0 0.0
0.0 0.0
1
0
0
0
false
false
false
false
false
false
false
false
3
8
8
8
177
1
1
H
non-metaux
1
129.9380771381974 219.23579005457282
213.10995568923173 310.98581436198043
0.0 0.0
0.0 0.0
0.0 0.0
0.0 0.0
0.0 0.0
0.0 0.0
0.0 0.0
0
0
0
1
false
false
false
false
false
false
false
false
8
8
8
3
177
1
1
H
non-metaux
1
324.9380771381974 169.23579005457282
461.1381280392046 55.7954947000255
0.0 0.0
0.0 0.0
0.0 0.0
0.0 0.0
0.0 0.0
0.0 0.0
0.0 0.0
0
0
1
0
false
false
false
false
false
false
false
false
8
8
2
8
177
1
1
H
non-metaux
1
372.9380771381974 269.2357900545728
395.53989187815864 391.91488497889685
0.0 0.0
0.0 0.0
0.0 0.0
0.0 0.0
0.0 0.0
0.0 0.0
0.0 0.0
1
0
0
0
false
false
false
false
false
false
false
false
0
8
8
8
177
1
1
H
non-metaux
1
178.9380771381974 169.23579005457282
75.0939225603714 366.57976518626646
0.0 0.0
0.0 0.0
0.0 0.0
0.0 0.0
0.0 0.0
0.0 0.0
0.0 0.0
0
0
1
0
false
false
false
false
false
false
false
false
8
8
3
8
End