10
191
1
6
C
non-metaux
4
257.15011638488795 304.7644770152349
258.15011638488795 262.7644770152349
0.0 0.0
272.9325272519036 484.9199451125854
0.0 0.0
272.15011638488795 309.7644770152349
0.0 0.0
284.15011638488795 279.7644770152349
0.0 0.0
1
1
1
1
false
false
false
false
false
false
false
false
4
1
6
2
191
1
6
C
non-metaux
4
209.15011638488795 304.7644770152349
210.15011638488795 262.7644770152349
0.0 0.0
199.15011638488795 293.7644770152349
0.0 0.0
224.15011638488795 309.7644770152349
0.0 0.0
236.15011638488792 279.7644770152349
0.0 0.0
1
1
1
1
false
false
false
false
false
false
false
false
7
3
9
0
191
1
8
O
non-metaux
6
305.15011638488795 304.7644770152349
307.15011638488795 262.7644770152349
321.15011638488795 262.7644770152349
434.93732685900403 278.0526742217651
295.15011638488795 279.7644770152349
321.15011638488795 309.7644770152349
307.15011638488795 309.7644770152349
334.15011638488795 279.7644770152349
0.0 0.0
0
1
0
1
true
true
false
false
true
true
false
false
8
0
8
8
191
1
8
O
non-metaux
6
159.15011638488795 304.7644770152349
161.15011638488795 262.7644770152349
175.15011638488795 262.7644770152349
149.15011638488795 293.7644770152349
149.15011638488795 279.7644770152349
175.15011638488795 309.7644770152349
161.15011638488795 309.7644770152349
136.2144074375572 57.077261278115316
0.0 0.0
0
1
0
1
true
true
false
false
true
true
false
false
8
5
8
1
191
1
1
H
non-metaux
1
257.15011638488795 254.7644770152349
316.7986783184442 172.9038359701744
0.0 0.0
0.0 0.0
0.0 0.0
0.0 0.0
0.0 0.0
0.0 0.0
0.0 0.0
0
0
1
0
false
false
false
false
false
false
false
false
8
8
0
8
191
1
1
H
non-metaux
1
110.15011638488795 304.7644770152349
164.99121069615097 93.44143206265716
0.0 0.0
0.0 0.0
0.0 0.0
0.0 0.0
0.0 0.0
0.0 0.0
0.0 0.0
0
0
0
1
false
false
false
false
false
false
false
false
8
8
8
3
191
1
1
H
non-metaux
1
257.15011638488795 354.7644770152349
311.4957464089198 381.80696052323964
0.0 0.0
0.0 0.0
0.0 0.0
0.0 0.0
0.0 0.0
0.0 0.0
0.0 0.0
1
0
0
0
false
false
false
false
false
false
false
false
0
8
8
8
191
1
1
H
non-metaux
1
209.15011638488795 254.7644770152349
434.5172476930874 217.80078652214274
0.0 0.0
0.0 0.0
0.0 0.0
0.0 0.0
0.0 0.0
0.0 0.0
0.0 0.0
0
0
1
0
false
false
false
false
false
false
false
false
8
8
1
8
191
1
1
H
non-metaux
1
355.15011638488795 304.7644770152349
484.5613228322996 36.66061000726313
0.0 0.0
0.0 0.0
0.0 0.0
0.0 0.0
0.0 0.0
0.0 0.0
0.0 0.0
0
1
0
0
false
false
false
false
false
false
false
false
8
2
8
8
191
1
1
H
non-metaux
1
209.15011638488795 354.7644770152349
457.63466190910884 411.09967404694174
0.0 0.0
0.0 0.0
0.0 0.0
0.0 0.0
0.0 0.0
0.0 0.0
0.0 0.0
1
0
0
0
false
false
false
false
false
false
false
false
1
8
8
8
End