2
201
1
9
F
halogenes
7
118.34556931645801 154.87991033425507
117.34556931645801 112.87991033425507
131.345569316458 112.87991033425507
130.3773946756398 417.735242840356
108.34556931645801 129.87991033425507
131.345569316458 159.87991033425507
117.34556931645801 159.87991033425507
140.345569316458 129.87991033425507
140.345569316458 143.87991033425507
0
1
0
0
true
true
false
false
true
true
true
true
8
1
8
8
201
1
9
F
halogenes
7
75.34556931645801 154.87991033425507
74.34556931645801 112.87991033425507
88.34556931645801 112.87991033425507
65.34556931645801 143.87991033425507
65.34556931645801 129.87991033425507
88.34556931645801 159.87991033425507
74.34556931645801 159.87991033425507
97.34556931645801 129.87991033425507
0.0 0.0
0
0
0
1
true
true
true
true
true
true
false
false
8
8
8
0
End