5
212
1
6
C
non-metaux
4
161.53704876964696 437.70865919262076
162.53704876964696 395.70865919262076
0.0 0.0
151.53704876964696 426.70865919262076
0.0 0.0
176.53704876964696 442.70865919262076
0.0 0.0
188.53704876964696 412.70865919262076
0.0 0.0
2
1
0
1
false
false
false
false
false
false
false
false
1
4
8
2
212
1
8
O
non-metaux
6
161.53704876964696 387.70865919262076
163.53704876964696 345.70865919262076
177.53704876964696 345.70865919262076
151.53704876964696 376.70865919262076
151.53704876964696 362.70865919262076
193.92337348964986 348.33190266690445
0.0 0.0
190.53704876964696 362.70865919262076
0.0 0.0
0
0
2
0
true
true
true
true
false
false
false
false
8
8
0
8
212
1
8
O
non-metaux
6
209.53704876964696 437.70865919262076
211.53704876964696 395.70865919262076
225.53704876964696 395.70865919262076
383.9028754114746 489.60908152693963
199.53704876964696 412.70865919262076
225.53704876964696 442.70865919262076
211.53704876964696 442.70865919262076
238.53704876964696 412.70865919262076
0.0 0.0
0
1
0
1
true
true
false
false
true
true
false
false
8
0
8
3
212
1
1
H
non-metaux
1
259.53704876964696 437.70865919262076
442.7255955691915 97.06062670866504
0.0 0.0
0.0 0.0
0.0 0.0
0.0 0.0
0.0 0.0
0.0 0.0
0.0 0.0
0
1
0
0
false
false
false
false
false
false
false
false
8
2
8
8
212
1
1
H
non-metaux
1
112.53704876964696 437.70865919262076
322.6546100051264 77.95048938644531
0.0 0.0
0.0 0.0
0.0 0.0
0.0 0.0
0.0 0.0
0.0 0.0
0.0 0.0
0
0
0
1
false
false
false
false
false
false
false
false
8
8
8
0
End