4
203
1
6
C
non-metaux
4
133.06459137825462 264.5888585196286
134.06459137825462 222.58885851962862
0.0 0.0
123.06459137825462 253.58885851962862
0.0 0.0
148.06459137825462 269.5888585196286
0.0 0.0
160.06459137825462 239.58885851962862
0.0 0.0
2
1
0
1
false
false
false
false
false
false
false
false
3
1
8
2
203
1
1
H
non-metaux
1
84.06459137825462 264.5888585196286
478.3429867897419 291.7908374238337
0.0 0.0
0.0 0.0
0.0 0.0
0.0 0.0
0.0 0.0
0.0 0.0
0.0 0.0
0
0
0
1
false
false
false
false
false
false
false
false
8
8
8
0
203
1
1
H
non-metaux
1
181.06459137825462 264.5888585196286
519.6408825110611 363.9974302825794
0.0 0.0
0.0 0.0
0.0 0.0
0.0 0.0
0.0 0.0
0.0 0.0
0.0 0.0
0
1
0
0
false
false
false
false
false
false
false
false
8
0
8
8
203
1
8
O
non-metaux
6
133.06459137825462 214.58885851962862
135.06459137825462 172.58885851962862
149.06459137825462 172.58885851962862
123.06459137825462 203.58885851962862
123.06459137825462 189.58885851962862
145.49608952209354 195.70308400010984
0.0 0.0
162.06459137825462 189.58885851962862
0.0 0.0
0
0
2
0
true
true
true
true
false
false
false
false
8
8
0
8
End