10
217
1
6
C
non-metaux
4
257.8194593503588 488.5067709051207
258.8194593503588 446.5067709051207
0.0 0.0
247.81945935035878 477.5067709051207
0.0 0.0
272.8194593503588 493.5067709051207
0.0 0.0
284.8194593503588 463.5067709051207
0.0 0.0
2
1
0
1
false
false
false
false
false
false
false
false
1
4
8
2
217
1
8
O
non-metaux
6
257.8194593503588 438.5067709051207
259.8194593503588 396.5067709051207
273.8194593503588 396.5067709051207
247.81945935035878 427.5067709051207
247.81945935035878 413.5067709051207
262.4628244351706 429.2120248150114
0.0 0.0
286.8194593503588 413.5067709051207
0.0 0.0
0
0
2
0
true
true
true
true
false
false
false
false
8
8
0
8
217
1
8
O
non-metaux
6
305.8194593503588 488.5067709051207
307.8194593503588 446.5067709051207
321.8194593503588 446.5067709051207
129.87107365762608 347.3982527158199
295.8194593503588 463.5067709051207
321.8194593503588 493.5067709051207
307.8194593503588 493.5067709051207
334.8194593503588 463.5067709051207
0.0 0.0
0
1
0
1
true
true
false
false
true
true
false
false
8
0
8
3
217
1
1
H
non-metaux
1
355.8194593503588 488.5067709051207
413.3667934108521 420.28485313346437
0.0 0.0
0.0 0.0
0.0 0.0
0.0 0.0
0.0 0.0
0.0 0.0
0.0 0.0
0
1
0
0
false
false
false
false
false
false
false
false
8
2
8
8
217
1
6
C
non-metaux
4
209.81945935035878 488.5067709051207
210.81945935035878 446.5067709051207
0.0 0.0
199.81945935035878 477.5067709051207
0.0 0.0
224.81945935035878 493.5067709051207
0.0 0.0
478.1227431660295 296.579688520766
0.0 0.0
1
1
1
1
false
false
false
false
false
false
false
false
9
5
6
0
217
1
7
N
non-metaux
5
159.81945935035878 488.5067709051207
161.81945935035878 446.5067709051207
175.81945935035878 446.5067709051207
149.81945935035878 477.5067709051207
0.0 0.0
175.81945935035878 493.5067709051207
0.0 0.0
503.4101252481894 404.16118543681586
0.0 0.0
0
1
1
1
true
true
false
false
false
false
false
false
8
8
7
4
217
1
1
H
non-metaux
1
209.81945935035878 538.5067709051207
473.37827653802555 410.80120018790274
0.0 0.0
0.0 0.0
0.0 0.0
0.0 0.0
0.0 0.0
0.0 0.0
0.0 0.0
1
0
0
0
false
false
false
false
false
false
false
false
4
8
8
8
217
1
1
H
non-metaux
1
159.81945935035878 538.5067709051207
69.36723283487149 164.7943045350524
0.0 0.0
0.0 0.0
0.0 0.0
0.0 0.0
0.0 0.0
0.0 0.0
0.0 0.0
1
0
0
0
false
false
false
false
false
false
false
false
5
8
8
8
217
1
1
H
non-metaux
1
110.81945935035878 488.5067709051207
51.20906500302513 386.9005011180494
0.0 0.0
0.0 0.0
0.0 0.0
0.0 0.0
0.0 0.0
0.0 0.0
0.0 0.0
0
0
0
1
false
false
false
false
false
false
false
false
8
8
8
5
217
1
1
H
non-metaux
1
209.81945935035878 438.5067709051207
323.2881284544397 336.08650496042355
0.0 0.0
0.0 0.0
0.0 0.0
0.0 0.0
0.0 0.0
0.0 0.0
0.0 0.0
0
0
1
0
false
false
false
false
false
false
false
false
8
8
4
8
End