9
262
1
6
C
non-metaux
4
224.72270248954783 296.9251639863414
413.3385739647498 198.38842660291908
0.0 0.0
214.72270248954783 285.9251639863414
0.0 0.0
239.72270248954783 301.9251639863414
0.0 0.0
251.72270248954783 271.9251639863414
0.0 0.0
2
1
0
1
false
false
false
false
false
false
false
false
2
1
8
4
262
1
6
C
non-metaux
4
176.72270248954783 296.9251639863414
177.72270248954783 254.92516398634137
0.0 0.0
166.72270248954783 285.9251639863414
0.0 0.0
191.72270248954783 301.9251639863414
0.0 0.0
544.8729140603318 332.44944218474393
0.0 0.0
1
1
1
1
false
false
false
false
false
false
false
false
8
3
7
0
262
1
8
O
non-metaux
6
224.72270248954783 246.92516398634137
226.72270248954783 204.92516398634137
240.72270248954783 204.92516398634137
214.72270248954783 235.92516398634137
214.72270248954783 221.92516398634137
240.72270248954783 251.92516398634137
0.0 0.0
253.72270248954783 221.92516398634137
0.0 0.0
0
0
2
0
true
true
true
true
false
false
false
false
8
8
0
8
262
1
8
O
non-metaux
6
126.72270248954783 296.9251639863414
128.72270248954783 254.92516398634137
142.72270248954783 254.92516398634137
116.72270248954783 285.9251639863414
116.72270248954783 271.9251639863414
142.72270248954783 301.9251639863414
128.72270248954783 301.9251639863414
459.95014600266086 42.43119881023658
0.0 0.0
0
1
0
1
true
true
false
false
true
true
false
false
8
6
8
1
262
1
8
O
non-metaux
6
272.7227024895478 296.9251639863414
274.7227024895478 254.92516398634137
288.7227024895478 254.92516398634137
317.61811524533533 334.9901018164008
262.7227024895478 271.9251639863414
288.7227024895478 301.9251639863414
274.7227024895478 301.9251639863414
301.7227024895478 271.9251639863414
0.0 0.0
0
1
0
1
true
true
false
false
true
true
false
false
8
0
8
5
262
1
1
H
non-metaux
1
322.7227024895478 296.9251639863414
89.60675992271203 181.46497085624026
0.0 0.0
0.0 0.0
0.0 0.0
0.0 0.0
0.0 0.0
0.0 0.0
0.0 0.0
0
1
0
0
false
false
false
false
false
false
false
false
8
4
8
8
262
1
1
H
non-metaux
1
77.72270248954783 296.9251639863414
96.19090799034115 298.08758921468547
0.0 0.0
0.0 0.0
0.0 0.0
0.0 0.0
0.0 0.0
0.0 0.0
0.0 0.0
0
0
0
1
false
false
false
false
false
false
false
false
8
8
8
3
262
1
1
H
non-metaux
1
176.72270248954783 346.9251639863414
509.5700831244586 413.1317503089401
0.0 0.0
0.0 0.0
0.0 0.0
0.0 0.0
0.0 0.0
0.0 0.0
0.0 0.0
1
0
0
0
false
false
false
false
false
false
false
false
1
8
8
8
262
1
1
H
non-metaux
1
176.72270248954783 246.92516398634137
517.6921445604243 -1.3341318751516553
0.0 0.0
0.0 0.0
0.0 0.0
0.0 0.0
0.0 0.0
0.0 0.0
0.0 0.0
0
0
1
0
false
false
false
false
false
false
false
false
8
8
1
8
End