14
227
1
6
C
non-metaux
4
266.1222263431889 417.17839451460947
484.07056161490925 157.4093728215756
0.0 0.0
256.1222263431889 406.17839451460947
0.0 0.0
281.1222263431889 422.17839451460947
0.0 0.0
293.1222263431889 392.17839451460947
0.0 0.0
1
1
1
1
false
false
false
false
false
false
false
false
3
2
8
1
227
1
6
C
non-metaux
4
314.1222263431889 417.17839451460947
315.1222263431889 375.17839451460947
0.0 0.0
314.99799831384246 502.9690708834796
0.0 0.0
329.1222263431889 422.17839451460947
0.0 0.0
341.1222263431889 392.17839451460947
0.0 0.0
1
1
1
1
false
false
false
false
false
false
false
false
7
0
4
9
227
1
6
C
non-metaux
4
218.1222263431889 417.17839451460947
219.1222263431889 375.17839451460947
0.0 0.0
208.1222263431889 406.17839451460947
0.0 0.0
233.1222263431889 422.17839451460947
0.0 0.0
323.6517252614125 29.34905830030354
0.0 0.0
1
1
1
1
false
false
false
false
false
false
false
false
6
10
5
0
227
1
8
O
non-metaux
6
266.1222263431889 367.17839451460947
268.1222263431889 325.17839451460947
282.1222263431889 325.17839451460947
256.1222263431889 356.17839451460947
256.1222263431889 342.17839451460947
282.1222263431889 372.17839451460947
0.0 0.0
295.1222263431889 342.17839451460947
295.1222263431889 356.17839451460947
1
0
1
0
false
false
true
true
false
false
true
true
12
8
0
8
227
1
8
O
non-metaux
6
314.1222263431889 467.17839451460947
413.10400442589525 367.498121680325
330.1222263431889 425.17839451460947
304.1222263431889 456.17839451460947
304.1222263431889 442.17839451460947
330.1222263431889 472.17839451460947
0.0 0.0
343.1222263431889 442.17839451460947
343.1222263431889 456.17839451460947
1
0
1
0
false
false
true
true
false
false
true
true
1
8
13
8
227
1
8
O
non-metaux
6
218.1222263431889 467.17839451460947
120.42867363838761 184.9861995274037
234.1222263431889 425.17839451460947
208.1222263431889 456.17839451460947
208.1222263431889 442.17839451460947
234.1222263431889 472.17839451460947
0.0 0.0
247.1222263431889 442.17839451460947
247.1222263431889 456.17839451460947
1
0
1
0
false
false
true
true
false
false
true
true
2
8
11
8
227
1
1
H
non-metaux
1
218.1222263431889 367.17839451460947
59.66917852721528 287.6559443044209
0.0 0.0
0.0 0.0
0.0 0.0
0.0 0.0
0.0 0.0
0.0 0.0
0.0 0.0
0
0
1
0
false
false
false
false
false
false
false
false
8
8
2
8
227
1
1
H
non-metaux
1
314.1222263431889 367.17839451460947
313.0501940589893 110.57376231451948
0.0 0.0
0.0 0.0
0.0 0.0
0.0 0.0
0.0 0.0
0.0 0.0
0.0 0.0
0
0
1
0
false
false
false
false
false
false
false
false
8
8
1
8
227
1
1
H
non-metaux
1
266.1222263431889 467.17839451460947
155.21655425395153 84.46032332713945
0.0 0.0
0.0 0.0
0.0 0.0
0.0 0.0
0.0 0.0
0.0 0.0
0.0 0.0
1
0
0
0
false
false
false
false
false
false
false
false
0
8
8
8
227
1
1
H
non-metaux
1
362.1222263431889 417.17839451460947
500.9264884699347 416.176358417124
0.0 0.0
0.0 0.0
0.0 0.0
0.0 0.0
0.0 0.0
0.0 0.0
0.0 0.0
0
1
0
0
false
false
false
false
false
false
false
false
8
1
8
8
227
1
1
H
non-metaux
1
169.1222263431889 417.17839451460947
47.8481226014606 364.1313525500439
0.0 0.0
0.0 0.0
0.0 0.0
0.0 0.0
0.0 0.0
0.0 0.0
0.0 0.0
0
0
0
1
false
false
false
false
false
false
false
false
8
8
8
2
227
1
1
H
non-metaux
1
218.1222263431889 517.1783945146094
55.23535006241349 224.42908508870227
0.0 0.0
0.0 0.0
0.0 0.0
0.0 0.0
0.0 0.0
0.0 0.0
0.0 0.0
1
0
0
0
false
false
false
false
false
false
false
false
5
8
8
8
227
1
1
H
non-metaux
1
266.1222263431889 317.17839451460947
360.13398362478813 243.53798868445358
0.0 0.0
0.0 0.0
0.0 0.0
0.0 0.0
0.0 0.0
0.0 0.0
0.0 0.0
0
0
1
0
false
false
false
false
false
false
false
false
8
8
3
8
227
1
1
H
non-metaux
1
314.1222263431889 517.1783945146094
499.5735787076453 45.507653311325186
0.0 0.0
0.0 0.0
0.0 0.0
0.0 0.0
0.0 0.0
0.0 0.0
0.0 0.0
1
0
0
0
false
false
false
false
false
false
false
false
4
8
8
8
End