3
273
1
1
H
non-metaux
1
190.01747510995366 135.83227259796632
240.69665267371812 70.1273849340682
0.0 0.0
0.0 0.0
0.0 0.0
0.0 0.0
0.0 0.0
0.0 0.0
0.0 0.0
0
1
0
0
false
false
false
false
false
false
false
false
8
2
8
8
273
1
1
H
non-metaux
1
140.01747510995366 185.83227259796632
464.2620343480806 66.06823148959458
0.0 0.0
0.0 0.0
0.0 0.0
0.0 0.0
0.0 0.0
0.0 0.0
0.0 0.0
1
0
0
0
false
false
false
false
false
false
false
false
2
8
8
8
273
1
8
O
non-metaux
6
140.01747510995366 135.83227259796632
142.01747510995366 93.83227259796632
156.01747510995366 93.83227259796632
130.01747510995366 124.83227259796632
130.01747510995366 110.83227259796632
156.01747510995366 140.83227259796632
0.0 0.0
169.01747510995366 110.83227259796632
0.0 0.0
0
0
1
1
true
true
true
true
false
false
false
false
8
8
1
0
End