4
276
1
8
O
non-metaux
6
246.77954850768162 388.438650771678
248.77954850768162 346.438650771678
262.7795485076816 346.438650771678
236.77954850768162 377.438650771678
236.77954850768162 363.438650771678
389.5414577512837 279.7676467759044
0.0 0.0
275.7795485076816 363.438650771678
0.0 0.0
0
0
1
1
true
true
true
true
false
false
false
false
8
8
3
1
276
1
8
O
non-metaux
6
296.7795485076816 388.438650771678
298.7795485076816 346.438650771678
312.7795485076816 346.438650771678
191.2998273827439 138.76961832331642
286.7795485076816 363.438650771678
312.7795485076816 393.438650771678
298.7795485076816 393.438650771678
325.7795485076816 363.438650771678
325.7795485076816 377.438650771678
1
1
0
0
false
false
false
false
true
true
true
true
2
0
8
8
276
1
1
H
non-metaux
1
296.7795485076816 338.438650771678
498.6979267653897 24.32986110588847
0.0 0.0
0.0 0.0
0.0 0.0
0.0 0.0
0.0 0.0
0.0 0.0
0.0 0.0
0
0
1
0
false
false
false
false
false
false
false
false
8
8
1
8
276
1
1
H
non-metaux
1
246.77954850768162 438.438650771678
248.77954850768162 396.438650771678
0.0 0.0
0.0 0.0
0.0 0.0
0.0 0.0
0.0 0.0
0.0 0.0
0.0 0.0
1
0
0
0
false
false
false
false
false
false
false
false
0
8
8
8
End