6
289
1
1
H
non-metaux
1
342.31660677788705 312.3757575913992
44.2601481879328 467.27649594440027
0.0 0.0
0.0 0.0
0.0 0.0
0.0 0.0
0.0 0.0
0.0 0.0
0.0 0.0
0
1
0
0
false
false
false
false
false
false
false
false
8
5
8
8
289
1
15
P
non-metaux
5
249.31660677788705 312.3757575913992
279.35804633253383 111.27254926318352
262.31660677788705 270.3757575913992
239.31660677788702 301.3757575913992
0.0 0.0
262.31660677788705 317.3757575913992
0.0 0.0
271.31660677788705 287.3757575913992
0.0 0.0
2
1
1
1
false
false
false
false
false
false
false
false
2
3
4
5
289
1
8
O
non-metaux
6
249.31660677788705 262.3757575913992
251.31660677788705 220.37575759139918
265.31660677788705 220.37575759139918
239.31660677788705 251.37575759139918
239.31660677788705 237.37575759139918
265.31660677788705 267.3757575913992
0.0 0.0
278.31660677788705 237.37575759139918
0.0 0.0
0
0
2
0
true
true
true
true
false
false
false
false
8
8
1
8
289
1
1
H
non-metaux
1
200.31660677788705 312.3757575913992
76.45506328848705 415.5258142955535
0.0 0.0
0.0 0.0
0.0 0.0
0.0 0.0
0.0 0.0
0.0 0.0
0.0 0.0
0
0
0
1
false
false
false
false
false
false
false
false
8
8
8
1
289
1
1
H
non-metaux
1
249.31660677788705 362.3757575913992
440.7309697964202 338.30042266949715
0.0 0.0
0.0 0.0
0.0 0.0
0.0 0.0
0.0 0.0
0.0 0.0
0.0 0.0
1
0
0
0
false
false
false
false
false
false
false
false
1
8
8
8
289
1
8
O
non-metaux
6
292.31660677788705 312.3757575913992
294.31660677788705 270.3757575913992
308.31660677788705 270.3757575913992
95.88460557276326 368.3349166805975
282.31660677788705 287.3757575913992
308.31660677788705 317.3757575913992
294.31660677788705 317.3757575913992
321.31660677788705 287.3757575913992
0.0 0.0
0
1
0
1
true
true
false
false
true
true
false
false
8
1
8
0
End