3
295
1
1
H
non-metaux
1
364.58174584237594 310.2697051445801
440.55916245547905 114.19297959950018
0.0 0.0
0.0 0.0
0.0 0.0
0.0 0.0
0.0 0.0
0.0 0.0
0.0 0.0
0
1
0
0
false
false
false
false
false
false
false
false
8
2
8
8
295
1
1
H
non-metaux
1
321.58174584237594 360.2697051445801
197.59784996604716 452.9619045251188
0.0 0.0
0.0 0.0
0.0 0.0
0.0 0.0
0.0 0.0
0.0 0.0
0.0 0.0
1
0
0
0
false
false
false
false
false
false
false
false
2
8
8
8
295
1
16
S
non-metaux
6
321.58174584237594 310.2697051445801
320.58174584237594 268.2697051445801
334.58174584237594 268.2697051445801
311.58174584237594 299.2697051445801
311.58174584237594 285.2697051445801
334.58174584237594 315.2697051445801
0.0 0.0
343.58174584237594 285.2697051445801
0.0 0.0
0
0
1
1
true
true
true
true
false
false
false
false
8
8
1
0
End