7
298
1
1
H
non-metaux
1
299.7382032228255 264.5539224344443
307.1676649677935 450.85559495522
0.0 0.0
0.0 0.0
0.0 0.0
0.0 0.0
0.0 0.0
0.0 0.0
0.0 0.0
0
1
0
0
false
false
false
false
false
false
false
false
8
4
8
8
298
1
1
H
non-metaux
1
107.73820322282552 264.5539224344443
158.41798025504187 114.28198684969647
0.0 0.0
0.0 0.0
0.0 0.0
0.0 0.0
0.0 0.0
0.0 0.0
0.0 0.0
0
0
0
1
false
false
false
false
false
false
false
false
8
8
8
3
298
1
16
S
non-metaux
6
206.73820322282552 264.5539224344443
205.73820322282552 222.5539224344443
219.73820322282552 222.5539224344443
359.5222111272142 226.83264961922237
196.73820322282552 239.5539224344443
219.73820322282552 269.5539224344443
0.0 0.0
228.73820322282552 239.5539224344443
0.0 0.0
2
1
2
1
false
false
false
false
false
false
false
false
6
3
5
4
298
1
8
O
non-metaux
6
156.73820322282552 264.5539224344443
158.73820322282552 222.5539224344443
172.73820322282552 222.5539224344443
146.73820322282552 253.5539224344443
146.73820322282552 239.5539224344443
172.73820322282552 269.5539224344443
158.73820322282552 269.5539224344443
185.73820322282552 239.5539224344443
0.0 0.0
0
1
0
1
true
true
false
false
true
true
false
false
8
1
8
2
298
1
8
O
non-metaux
6
249.73820322282552 264.5539224344443
251.73820322282552 222.5539224344443
265.7382032228255 222.5539224344443
63.53282192686456 340.0665706064087
239.73820322282552 239.5539224344443
265.7382032228255 269.5539224344443
251.73820322282552 269.5539224344443
278.7382032228255 239.5539224344443
0.0 0.0
0
1
0
1
true
true
false
false
true
true
false
false
8
2
8
0
298
1
8
O
non-metaux
6
206.73820322282552 314.5539224344443
119.52124294138304 393.46041141599284
222.73820322282552 272.5539224344443
196.73820322282552 303.5539224344443
196.73820322282552 289.5539224344443
222.73820322282552 319.5539224344443
0.0 0.0
235.73820322282552 289.5539224344443
235.73820322282552 303.5539224344443
2
0
0
0
false
false
true
true
false
false
true
true
2
8
8
8
298
1
8
O
non-metaux
6
206.73820322282552 214.5539224344443
208.73820322282552 172.5539224344443
222.73820322282552 172.5539224344443
196.73820322282552 203.5539224344443
196.73820322282552 189.5539224344443
458.85824132503063 385.0005129782899
0.0 0.0
235.73820322282552 189.5539224344443
0.0 0.0
0
0
2
0
true
true
true
true
false
false
false
false
8
8
2
8
End