8
320
1
8
O
non-metaux
6
146.95336658317936 264.7862416443491
148.95336658317936 222.7862416443491
162.95336658317936 222.7862416443491
136.95336658317936 253.7862416443491
136.95336658317936 239.7862416443491
162.95336658317936 269.7862416443491
0.0 0.0
175.95336658317936 239.7862416443491
0.0 0.0
0
0
2
0
true
true
true
true
false
false
false
false
8
8
4
8
320
1
8
O
non-metaux
6
146.95336658317936 364.7862416443491
424.301160318578 89.28098331921126
162.95336658317936 322.7862416443491
136.95336658317936 353.7862416443491
136.95336658317936 339.7862416443491
162.95336658317936 369.7862416443491
0.0 0.0
175.95336658317936 339.7862416443491
175.95336658317936 353.7862416443491
1
0
1
0
false
false
true
true
false
false
true
true
4
8
5
8
320
1
8
O
non-metaux
6
189.95336658317936 314.7862416443491
191.95336658317936 272.7862416443491
205.95336658317936 272.7862416443491
397.9961596459146 274.24325775453224
179.95336658317936 289.7862416443491
205.95336658317936 319.7862416443491
191.95336658317936 319.7862416443491
218.95336658317936 289.7862416443491
0.0 0.0
0
1
0
1
true
true
false
false
true
true
false
false
8
4
8
6
320
1
8
O
non-metaux
6
96.95336658317936 314.7862416443491
98.95336658317936 272.7862416443491
112.95336658317936 272.7862416443491
86.95336658317936 303.7862416443491
86.95336658317936 289.7862416443491
112.95336658317936 319.7862416443491
98.95336658317936 319.7862416443491
96.84369185912409 130.73107833895935
0.0 0.0
0
1
0
1
true
true
false
false
true
true
false
false
8
7
8
4
320
1
15
P
non-metaux
5
146.95336658317936 314.7862416443491
382.19990054231664 20.93229702957614
159.95336658317936 272.7862416443491
136.95336658317936 303.7862416443491
0.0 0.0
159.95336658317936 319.7862416443491
0.0 0.0
168.95336658317936 289.7862416443491
0.0 0.0
2
1
1
1
false
false
false
false
false
false
false
false
0
3
1
2
320
1
1
H
non-metaux
1
146.95336658317936 414.7862416443491
92.64726732860137 341.1738669512056
0.0 0.0
0.0 0.0
0.0 0.0
0.0 0.0
0.0 0.0
0.0 0.0
0.0 0.0
1
0
0
0
false
false
false
false
false
false
false
false
1
8
8
8
320
1
1
H
non-metaux
1
239.95336658317936 314.7862416443491
510.7521271808896 341.0188416151171
0.0 0.0
0.0 0.0
0.0 0.0
0.0 0.0
0.0 0.0
0.0 0.0
0.0 0.0
0
1
0
0
false
false
false
false
false
false
false
false
8
2
8
8
320
1
1
H
non-metaux
1
47.95336658317936 314.7862416443491
249.56343588557223 99.45082414398493
0.0 0.0
0.0 0.0
0.0 0.0
0.0 0.0
0.0 0.0
0.0 0.0
0.0 0.0
0
0
0
1
false
false
false
false
false
false
false
false
8
8
8
3
End