7
305
1
1
H
non-metaux
1
101.87646749092929 363.73967223773604
84.69403080977236 366.7421236588749
0.0 0.0
0.0 0.0
0.0 0.0
0.0 0.0
0.0 0.0
0.0 0.0
0.0 0.0
0
0
0
1
false
false
false
false
false
false
false
false
8
8
8
3
305
1
1
H
non-metaux
1
150.8764674909293 463.73967223773604
180.13894508303096 114.18905254684171
0.0 0.0
0.0 0.0
0.0 0.0
0.0 0.0
0.0 0.0
0.0 0.0
0.0 0.0
1
0
0
0
false
false
false
false
false
false
false
false
6
8
8
8
305
1
1
H
non-metaux
1
243.8764674909293 363.73967223773604
365.3549788313681 237.0573557398393
0.0 0.0
0.0 0.0
0.0 0.0
0.0 0.0
0.0 0.0
0.0 0.0
0.0 0.0
0
1
0
0
false
false
false
false
false
false
false
false
8
4
8
8
305
1
15
P
non-metaux
5
150.8764674909293 363.73967223773604
149.8764674909293 321.73967223773604
163.8764674909293 321.73967223773604
140.8764674909293 352.73967223773604
0.0 0.0
163.8764674909293 368.73967223773604
0.0 0.0
172.8764674909293 338.73967223773604
0.0 0.0
2
1
1
1
false
false
false
false
false
false
false
false
5
0
6
4
305
1
8
O
non-metaux
6
193.8764674909293 363.73967223773604
195.8764674909293 321.73967223773604
209.8764674909293 321.73967223773604
362.3014893502644 411.74385390912965
183.8764674909293 338.73967223773604
209.8764674909293 368.73967223773604
195.8764674909293 368.73967223773604
222.8764674909293 338.73967223773604
0.0 0.0
0
1
0
1
true
true
false
false
true
true
false
false
8
3
8
2
305
1
8
O
non-metaux
6
150.8764674909293 313.73967223773604
152.8764674909293 271.73967223773604
166.8764674909293 271.73967223773604
140.8764674909293 302.73967223773604
140.8764674909293 288.73967223773604
114.84460776914322 148.44156276805225
0.0 0.0
179.8764674909293 288.73967223773604
0.0 0.0
0
0
2
0
true
true
true
true
false
false
false
false
8
8
3
8
305
1
8
O
non-metaux
6
150.8764674909293 413.73967223773604
456.5031175025637 326.8059628144449
166.8764674909293 371.73967223773604
140.8764674909293 402.73967223773604
140.8764674909293 388.73967223773604
166.8764674909293 418.73967223773604
0.0 0.0
179.8764674909293 388.73967223773604
179.8764674909293 402.73967223773604
1
0
1
0
false
false
true
true
false
false
true
true
3
8
1
8
End