2
328
1
1
H
non-metaux
1
399.94677736417145 149.88112456523356
219.9979069744377 79.86583412543003
0.0 0.0
0.0 0.0
0.0 0.0
0.0 0.0
0.0 0.0
0.0 0.0
0.0 0.0
0
0
0
1
false
false
false
false
false
false
false
false
8
8
8
1
328
1
35
Br
halogenes
7
448.94677736417145 149.88112456523356
455.94677736417145 107.88112456523356
469.94677736417145 107.88112456523356
438.94677736417145 138.88112456523356
438.94677736417145 124.88112456523356
469.94677736417145 154.88112456523356
455.94677736417145 154.88112456523356
487.94677736417145 124.88112456523356
487.94677736417145 138.88112456523356
0
1
0
0
true
true
false
false
true
true
true
true
8
0
8
8
End