2
330
1
1
H
non-metaux
1
157.1056316307107 399.3820257890967
185.0416538813139 452.77210063191166
0.0 0.0
0.0 0.0
0.0 0.0
0.0 0.0
0.0 0.0
0.0 0.0
0.0 0.0
0
1
0
0
false
false
false
false
false
false
false
false
8
1
8
8
330
1
17
Cl
halogenes
7
98.10563163071069 399.3820257890967
105.10563163071069 357.3820257890967
119.10563163071069 357.3820257890967
88.10563163071069 388.3820257890967
88.10563163071069 374.3820257890967
119.10563163071069 404.3820257890967
105.10563163071069 404.3820257890967
136.1056316307107 374.3820257890967
0.0 0.0
0
0
0
1
true
true
true
true
true
true
false
false
8
8
8
0
End