4
332
1
1
H
non-metaux
1
264.53442916965366 287.17473776261596
293.8432891712648 284.8391753554513
0.0 0.0
0.0 0.0
0.0 0.0
0.0 0.0
0.0 0.0
0.0 0.0
0.0 0.0
0
0
0
1
false
false
false
false
false
false
false
false
8
8
8
2
332
1
17
Cl
halogenes
7
363.53442916965366 287.17473776261596
370.53442916965366 245.17473776261596
384.53442916965366 245.17473776261596
353.53442916965366 276.17473776261596
353.53442916965366 262.17473776261596
384.53442916965366 292.17473776261596
370.53442916965366 292.17473776261596
401.53442916965366 262.17473776261596
401.53442916965366 276.17473776261596
0
1
0
2
true
true
false
false
true
true
false
false
8
2
8
3
332
1
8
O
non-metaux
6
313.53442916965366 287.17473776261596
315.53442916965366 245.17473776261596
329.53442916965366 245.17473776261596
303.53442916965366 276.17473776261596
303.53442916965366 262.17473776261596
329.53442916965366 292.17473776261596
315.53442916965366 292.17473776261596
544.7657174089778 24.90961729192481
0.0 0.0
0
1
0
1
true
true
false
false
true
true
false
false
8
0
8
1
332
1
8
O
non-metaux
6
422.53442916965366 287.17473776261596
424.53442916965366 245.17473776261596
438.53442916965366 245.17473776261596
438.8455337164264 251.5431667837937
412.53442916965366 262.17473776261596
438.53442916965366 292.17473776261596
0.0 0.0
451.53442916965366 262.17473776261596
451.53442916965366 276.17473776261596
0
2
0
0
true
true
false
false
false
false
true
true
8
1
8
8
End