23
338
1
6
C
non-metaux
4
306.26787360933633 340.08271189978166
307.26787360933633 298.08271189978166
0.0 0.0
452.4044300420698 80.79516359142306
0.0 0.0
321.26787360933633 345.08271189978166
0.0 0.0
333.26787360933633 315.08271189978166
0.0 0.0
1
1
1
1
false
false
false
false
false
false
false
false
11
1
15
5
338
1
6
C
non-metaux
4
258.26787360933633 340.08271189978166
259.26787360933633 298.08271189978166
0.0 0.0
461.2589199784313 192.98625763079207
0.0 0.0
273.26787360933633 345.08271189978166
0.0 0.0
285.26787360933633 315.08271189978166
0.0 0.0
1
1
1
1
false
false
false
false
false
false
false
false
16
6
10
0
338
1
6
C
non-metaux
4
162.26787360933633 340.08271189978166
163.26787360933633 298.08271189978166
0.0 0.0
259.67472632158734 334.50630345045533
0.0 0.0
177.26787360933633 345.08271189978166
0.0 0.0
189.2678736093363 315.08271189978166
0.0 0.0
1
1
1
1
false
false
false
false
false
false
false
false
7
3
17
6
338
1
6
C
non-metaux
4
114.26787360933633 340.08271189978166
115.26787360933633 298.08271189978166
0.0 0.0
104.2678736093363 329.08271189978166
0.0 0.0
129.26787360933633 345.08271189978166
0.0 0.0
141.2678736093363 315.08271189978166
0.0 0.0
1
1
1
1
false
false
false
false
false
false
false
false
22
4
8
2
338
1
6
C
non-metaux
4
66.26787360933633 340.08271189978166
67.26787360933633 298.08271189978166
0.0 0.0
56.267873609336334 329.08271189978166
0.0 0.0
81.26787360933633 345.08271189978166
0.0 0.0
184.0119556830989 263.59627891538105
0.0 0.0
1
1
1
1
false
false
false
false
false
false
false
false
14
18
9
3
338
1
6
C
non-metaux
4
354.26787360933633 340.08271189978166
355.26787360933633 298.08271189978166
0.0 0.0
353.74046957986053 29.568314212348454
0.0 0.0
369.26787360933633 345.08271189978166
0.0 0.0
381.26787360933633 315.08271189978166
0.0 0.0
1
1
1
1
false
false
false
false
false
false
false
false
19
0
12
13
338
1
6
C
non-metaux
4
210.26787360933633 340.08271189978166
211.26787360933633 298.08271189978166
0.0 0.0
332.57275546657536 326.2417919841734
0.0 0.0
225.26787360933633 345.08271189978166
0.0 0.0
237.2678736093363 315.08271189978166
0.0 0.0
1
1
1
1
false
false
false
false
false
false
false
false
20
2
21
1
338
1
1
H
non-metaux
1
162.26787360933633 290.08271189978166
297.23576411012266 77.6030007599113
0.0 0.0
0.0 0.0
0.0 0.0
0.0 0.0
0.0 0.0
0.0 0.0
0.0 0.0
0
0
1
0
false
false
false
false
false
false
false
false
8
8
2
8
338
1
1
H
non-metaux
1
114.26787360933633 390.08271189978166
173.25138626227303 132.0040285365242
0.0 0.0
0.0 0.0
0.0 0.0
0.0 0.0
0.0 0.0
0.0 0.0
0.0 0.0
1
0
0
0
false
false
false
false
false
false
false
false
3
8
8
8
338
1
1
H
non-metaux
1
66.26787360933633 390.08271189978166
214.17238393091412 438.56058558830813
0.0 0.0
0.0 0.0
0.0 0.0
0.0 0.0
0.0 0.0
0.0 0.0
0.0 0.0
1
0
0
0
false
false
false
false
false
false
false
false
4
8
8
8
338
1
1
H
non-metaux
1
258.26787360933633 390.08271189978166
498.42763748898636 419.1854468233494
0.0 0.0
0.0 0.0
0.0 0.0
0.0 0.0
0.0 0.0
0.0 0.0
0.0 0.0
1
0
0
0
false
false
false
false
false
false
false
false
1
8
8
8
338
1
1
H
non-metaux
1
306.26787360933633 290.08271189978166
444.0276561590199 156.2759313634947
0.0 0.0
0.0 0.0
0.0 0.0
0.0 0.0
0.0 0.0
0.0 0.0
0.0 0.0
0
0
1
0
false
false
false
false
false
false
false
false
8
8
0
8
338
1
1
H
non-metaux
1
354.26787360933633 390.08271189978166
172.92530686971824 40.911744998848405
0.0 0.0
0.0 0.0
0.0 0.0
0.0 0.0
0.0 0.0
0.0 0.0
0.0 0.0
1
0
0
0
false
false
false
false
false
false
false
false
5
8
8
8
338
1
1
H
non-metaux
1
402.26787360933633 340.08271189978166
443.7215665259654 42.264860355936065
0.0 0.0
0.0 0.0
0.0 0.0
0.0 0.0
0.0 0.0
0.0 0.0
0.0 0.0
0
1
0
0
false
false
false
false
false
false
false
false
8
5
8
8
338
1
1
H
non-metaux
1
66.26787360933633 290.08271189978166
150.22380798836707 413.2769290579205
0.0 0.0
0.0 0.0
0.0 0.0
0.0 0.0
0.0 0.0
0.0 0.0
0.0 0.0
0
0
1
0
false
false
false
false
false
false
false
false
8
8
4
8
338
1
1
H
non-metaux
1
306.26787360933633 390.08271189978166
513.4212369750567 181.01630500341724
0.0 0.0
0.0 0.0
0.0 0.0
0.0 0.0
0.0 0.0
0.0 0.0
0.0 0.0
1
0
0
0
false
false
false
false
false
false
false
false
0
8
8
8
338
1
1
H
non-metaux
1
258.26787360933633 290.08271189978166
379.36723119838956 198.56024900524648
0.0 0.0
0.0 0.0
0.0 0.0
0.0 0.0
0.0 0.0
0.0 0.0
0.0 0.0
0
0
1
0
false
false
false
false
false
false
false
false
8
8
1
8
338
1
1
H
non-metaux
1
162.26787360933633 390.08271189978166
392.7014122020219 451.69995723150583
0.0 0.0
0.0 0.0
0.0 0.0
0.0 0.0
0.0 0.0
0.0 0.0
0.0 0.0
1
0
0
0
false
false
false
false
false
false
false
false
2
8
8
8
338
1
1
H
non-metaux
1
17.267873609336334 340.08271189978166
72.80838823116963 214.2153783118922
0.0 0.0
0.0 0.0
0.0 0.0
0.0 0.0
0.0 0.0
0.0 0.0
0.0 0.0
0
0
0
1
false
false
false
false
false
false
false
false
8
8
8
4
338
1
1
H
non-metaux
1
354.26787360933633 290.08271189978166
367.7470861107414 77.61899521314936
0.0 0.0
0.0 0.0
0.0 0.0
0.0 0.0
0.0 0.0
0.0 0.0
0.0 0.0
0
0
1
0
false
false
false
false
false
false
false
false
8
8
5
8
338
1
1
H
non-metaux
1
210.26787360933633 290.08271189978166
466.46333231358494 256.8881801389516
0.0 0.0
0.0 0.0
0.0 0.0
0.0 0.0
0.0 0.0
0.0 0.0
0.0 0.0
0
0
1
0
false
false
false
false
false
false
false
false
8
8
6
8
338
1
1
H
non-metaux
1
210.26787360933633 390.08271189978166
441.08367284551144 375.79895613331405
0.0 0.0
0.0 0.0
0.0 0.0
0.0 0.0
0.0 0.0
0.0 0.0
0.0 0.0
1
0
0
0
false
false
false
false
false
false
false
false
6
8
8
8
338
1
1
H
non-metaux
1
114.26787360933633 290.08271189978166
233.5677339025914 188.4206782831913
0.0 0.0
0.0 0.0
0.0 0.0
0.0 0.0
0.0 0.0
0.0 0.0
0.0 0.0
0
0
1
0
false
false
false
false
false
false
false
false
8
8
3
8
End