20
361
1
6
C
non-metaux
4
369.06015621282125 377.60409434705804
370.06015621282125 335.60409434705804
0.0 0.0
203.75209556972462 69.93199497434159
0.0 0.0
384.06015621282125 382.60409434705804
0.0 0.0
396.06015621282125 352.60409434705804
0.0 0.0
1
1
1
1
false
false
false
false
false
false
false
false
17
5
11
13
361
1
6
C
non-metaux
4
273.06015621282125 377.60409434705804
274.06015621282125 335.60409434705804
0.0 0.0
316.538752927953 178.71544770538824
0.0 0.0
288.06015621282125 382.60409434705804
0.0 0.0
300.06015621282125 352.60409434705804
0.0 0.0
1
1
1
1
false
false
false
false
false
false
false
false
10
3
16
5
361
1
6
C
non-metaux
4
177.06015621282125 377.60409434705804
178.06015621282125 335.60409434705804
0.0 0.0
142.4076530579394 211.20472453622062
0.0 0.0
192.06015621282125 382.60409434705804
0.0 0.0
204.06015621282125 352.60409434705804
0.0 0.0
1
1
1
1
false
false
false
false
false
false
false
false
9
4
19
3
361
1
6
C
non-metaux
4
225.06015621282125 377.60409434705804
226.06015621282125 335.60409434705804
0.0 0.0
474.9671676550414 375.26829098322065
0.0 0.0
240.06015621282125 382.60409434705804
0.0 0.0
252.06015621282125 352.60409434705804
0.0 0.0
1
1
1
1
false
false
false
false
false
false
false
false
12
2
6
1
361
1
6
C
non-metaux
4
129.06015621282125 377.60409434705804
130.06015621282125 335.60409434705804
0.0 0.0
119.06015621282125 366.60409434705804
0.0 0.0
144.06015621282125 382.60409434705804
0.0 0.0
156.06015621282125 352.60409434705804
0.0 0.0
1
1
1
1
false
false
false
false
false
false
false
false
7
8
15
2
361
1
6
C
non-metaux
4
321.06015621282125 377.60409434705804
322.06015621282125 335.60409434705804
0.0 0.0
98.47361080136282 138.89045129341187
0.0 0.0
336.06015621282125 382.60409434705804
0.0 0.0
348.06015621282125 352.60409434705804
0.0 0.0
1
1
1
1
false
false
false
false
false
false
false
false
18
1
14
0
361
1
1
H
non-metaux
1
225.06015621282125 427.60409434705804
478.6865374884042 407.9826081645283
0.0 0.0
0.0 0.0
0.0 0.0
0.0 0.0
0.0 0.0
0.0 0.0
0.0 0.0
1
0
0
0
false
false
false
false
false
false
false
false
3
8
8
8
361
1
1
H
non-metaux
1
129.06015621282125 327.60409434705804
67.9405076068316 306.6823994152355
0.0 0.0
0.0 0.0
0.0 0.0
0.0 0.0
0.0 0.0
0.0 0.0
0.0 0.0
0
0
1
0
false
false
false
false
false
false
false
false
8
8
4
8
361
1
1
H
non-metaux
1
80.06015621282125 377.60409434705804
100.59365448651467 399.99516976032794
0.0 0.0
0.0 0.0
0.0 0.0
0.0 0.0
0.0 0.0
0.0 0.0
0.0 0.0
0
0
0
1
false
false
false
false
false
false
false
false
8
8
8
4
361
1
1
H
non-metaux
1
177.06015621282125 327.60409434705804
316.6938083895961 200.59307908977
0.0 0.0
0.0 0.0
0.0 0.0
0.0 0.0
0.0 0.0
0.0 0.0
0.0 0.0
0
0
1
0
false
false
false
false
false
false
false
false
8
8
2
8
361
1
1
H
non-metaux
1
273.06015621282125 327.60409434705804
429.6319061810524 142.85752926338944
0.0 0.0
0.0 0.0
0.0 0.0
0.0 0.0
0.0 0.0
0.0 0.0
0.0 0.0
0
0
1
0
false
false
false
false
false
false
false
false
8
8
1
8
361
1
1
H
non-metaux
1
369.06015621282125 427.60409434705804
44.833373307090724 75.83691120534434
0.0 0.0
0.0 0.0
0.0 0.0
0.0 0.0
0.0 0.0
0.0 0.0
0.0 0.0
1
0
0
0
false
false
false
false
false
false
false
false
0
8
8
8
361
1
1
H
non-metaux
1
225.06015621282125 327.60409434705804
405.68320269450464 232.09528186552467
0.0 0.0
0.0 0.0
0.0 0.0
0.0 0.0
0.0 0.0
0.0 0.0
0.0 0.0
0
0
1
0
false
false
false
false
false
false
false
false
8
8
3
8
361
1
1
H
non-metaux
1
417.06015621282125 377.60409434705804
182.59307631334366 96.65438250961364
0.0 0.0
0.0 0.0
0.0 0.0
0.0 0.0
0.0 0.0
0.0 0.0
0.0 0.0
0
1
0
0
false
false
false
false
false
false
false
false
8
0
8
8
361
1
1
H
non-metaux
1
321.06015621282125 427.60409434705804
350.1459373861761 99.04045172842828
0.0 0.0
0.0 0.0
0.0 0.0
0.0 0.0
0.0 0.0
0.0 0.0
0.0 0.0
1
0
0
0
false
false
false
false
false
false
false
false
5
8
8
8
361
1
1
H
non-metaux
1
129.06015621282125 427.60409434705804
200.34425688232952 466.9304333365858
0.0 0.0
0.0 0.0
0.0 0.0
0.0 0.0
0.0 0.0
0.0 0.0
0.0 0.0
1
0
0
0
false
false
false
false
false
false
false
false
4
8
8
8
361
1
1
H
non-metaux
1
273.06015621282125 427.60409434705804
481.69743338262515 475.36591031053104
0.0 0.0
0.0 0.0
0.0 0.0
0.0 0.0
0.0 0.0
0.0 0.0
0.0 0.0
1
0
0
0
false
false
false
false
false
false
false
false
1
8
8
8
361
1
1
H
non-metaux
1
369.06015621282125 327.60409434705804
92.87586953962072 187.1683002970288
0.0 0.0
0.0 0.0
0.0 0.0
0.0 0.0
0.0 0.0
0.0 0.0
0.0 0.0
0
0
1
0
false
false
false
false
false
false
false
false
8
8
0
8
361
1
1
H
non-metaux
1
321.06015621282125 327.60409434705804
516.6671415256371 191.05013459382766
0.0 0.0
0.0 0.0
0.0 0.0
0.0 0.0
0.0 0.0
0.0 0.0
0.0 0.0
0
0
1
0
false
false
false
false
false
false
false
false
8
8
5
8
361
1
1
H
non-metaux
1
177.06015621282125 427.60409434705804
337.3695034094161 462.15630043987454
0.0 0.0
0.0 0.0
0.0 0.0
0.0 0.0
0.0 0.0
0.0 0.0
0.0 0.0
1
0
0
0
false
false
false
false
false
false
false
false
2
8
8
8
End