24
389
1
6
C
non-metaux
4
115.25718003000998 487.374302309924
116.25718003000998 445.374302309924
0.0 0.0
105.25718003000995 476.374302309924
0.0 0.0
130.25718003000998 492.374302309924
0.0 0.0
142.25718003000995 462.374302309924
0.0 0.0
1
1
1
1
false
false
false
false
false
false
false
false
15
7
20
4
389
1
6
C
non-metaux
4
355.25718003001 487.374302309924
356.25718003001 445.374302309924
0.0 0.0
144.07803059813054 87.50827918119381
0.0 0.0
370.25718003001 492.374302309924
0.0 0.0
382.25718003001 462.374302309924
0.0 0.0
1
1
1
1
false
false
false
false
false
false
false
false
19
2
8
6
389
1
6
C
non-metaux
4
307.25718003001 487.374302309924
308.25718003001 445.374302309924
0.0 0.0
209.7802185051579 233.82520308785251
0.0 0.0
322.25718003001 492.374302309924
0.0 0.0
334.25718003001 462.374302309924
0.0 0.0
1
1
1
1
false
false
false
false
false
false
false
false
21
5
18
1
389
1
6
C
non-metaux
4
211.25718003000998 487.374302309924
212.25718003000998 445.374302309924
0.0 0.0
319.9354231259777 413.7156407676266
0.0 0.0
226.25718003000998 492.374302309924
0.0 0.0
238.25718003000995 462.374302309924
0.0 0.0
1
1
1
1
false
false
false
false
false
false
false
false
14
4
23
5
389
1
6
C
non-metaux
4
163.25718003000998 487.374302309924
164.25718003000998 445.374302309924
0.0 0.0
34.82528918432127 402.59889272139156
0.0 0.0
178.25718003000998 492.374302309924
0.0 0.0
190.25718003000995 462.374302309924
0.0 0.0
1
1
1
1
false
false
false
false
false
false
false
false
16
0
13
3
389
1
6
C
non-metaux
4
259.25718003001 487.374302309924
260.25718003001 445.374302309924
0.0 0.0
143.2353059309709 327.0368075955743
0.0 0.0
274.25718003001 492.374302309924
0.0 0.0
286.25718003001 462.374302309924
0.0 0.0
1
1
1
1
false
false
false
false
false
false
false
false
11
3
10
2
389
1
7
N
non-metaux
5
403.25718003001 487.374302309924
405.25718003001 445.374302309924
419.25718003001 445.374302309924
238.90019395868526 47.399467438142935
0.0 0.0
419.25718003001 492.374302309924
0.0 0.0
432.25718003001 462.374302309924
0.0 0.0
0
1
1
1
true
true
false
false
false
false
false
false
8
1
9
17
389
1
7
N
non-metaux
5
65.25718003000998 487.374302309924
67.25718003000998 445.374302309924
81.25718003000998 445.374302309924
55.25718003000998 476.374302309924
0.0 0.0
81.25718003000998 492.374302309924
0.0 0.0
333.70398832653905 304.176566792058
0.0 0.0
0
1
1
1
true
true
false
false
false
false
false
false
8
22
12
0
389
1
1
H
non-metaux
1
355.25718003001 537.374302309924
394.4025948539998 8.275016922500825
0.0 0.0
0.0 0.0
0.0 0.0
0.0 0.0
0.0 0.0
0.0 0.0
0.0 0.0
1
0
0
0
false
false
false
false
false
false
false
false
1
8
8
8
389
1
1
H
non-metaux
1
403.25718003001 537.374302309924
112.04979833819667 15.584519558277663
0.0 0.0
0.0 0.0
0.0 0.0
0.0 0.0
0.0 0.0
0.0 0.0
0.0 0.0
1
0
0
0
false
false
false
false
false
false
false
false
6
8
8
8
389
1
1
H
non-metaux
1
259.25718003001 537.374302309924
386.46641138272395 106.95387249108842
0.0 0.0
0.0 0.0
0.0 0.0
0.0 0.0
0.0 0.0
0.0 0.0
0.0 0.0
1
0
0
0
false
false
false
false
false
false
false
false
5
8
8
8
389
1
1
H
non-metaux
1
259.25718003001 437.374302309924
519.818485450475 234.26813274637976
0.0 0.0
0.0 0.0
0.0 0.0
0.0 0.0
0.0 0.0
0.0 0.0
0.0 0.0
0
0
1
0
false
false
false
false
false
false
false
false
8
8
5
8
389
1
1
H
non-metaux
1
65.25718003000998 537.374302309924
302.6825070630249 353.34284524474
0.0 0.0
0.0 0.0
0.0 0.0
0.0 0.0
0.0 0.0
0.0 0.0
0.0 0.0
1
0
0
0
false
false
false
false
false
false
false
false
7
8
8
8
389
1
1
H
non-metaux
1
163.25718003000998 537.374302309924
465.52518242581647 355.9274512930855
0.0 0.0
0.0 0.0
0.0 0.0
0.0 0.0
0.0 0.0
0.0 0.0
0.0 0.0
1
0
0
0
false
false
false
false
false
false
false
false
4
8
8
8
389
1
1
H
non-metaux
1
211.25718003000998 437.374302309924
375.2556234487956 239.5720614274078
0.0 0.0
0.0 0.0
0.0 0.0
0.0 0.0
0.0 0.0
0.0 0.0
0.0 0.0
0
0
1
0
false
false
false
false
false
false
false
false
8
8
3
8
389
1
1
H
non-metaux
1
115.25718003000998 437.374302309924
244.79419407073016 314.13655467674283
0.0 0.0
0.0 0.0
0.0 0.0
0.0 0.0
0.0 0.0
0.0 0.0
0.0 0.0
0
0
1
0
false
false
false
false
false
false
false
false
8
8
0
8
389
1
1
H
non-metaux
1
163.25718003000998 437.374302309924
314.5296035513076 192.111332409049
0.0 0.0
0.0 0.0
0.0 0.0
0.0 0.0
0.0 0.0
0.0 0.0
0.0 0.0
0
0
1
0
false
false
false
false
false
false
false
false
8
8
4
8
389
1
1
H
non-metaux
1
453.25718003001 487.374302309924
333.027714480853 -1.8257273119813107
0.0 0.0
0.0 0.0
0.0 0.0
0.0 0.0
0.0 0.0
0.0 0.0
0.0 0.0
0
1
0
0
false
false
false
false
false
false
false
false
8
6
8
8
389
1
1
H
non-metaux
1
307.25718003001 537.374302309924
219.61570481450016 92.2048097707617
0.0 0.0
0.0 0.0
0.0 0.0
0.0 0.0
0.0 0.0
0.0 0.0
0.0 0.0
1
0
0
0
false
false
false
false
false
false
false
false
2
8
8
8
389
1
1
H
non-metaux
1
355.25718003001 437.374302309924
220.98858958243406 32.22446653714887
0.0 0.0
0.0 0.0
0.0 0.0
0.0 0.0
0.0 0.0
0.0 0.0
0.0 0.0
0
0
1
0
false
false
false
false
false
false
false
false
8
8
1
8
389
1
1
H
non-metaux
1
115.25718003000998 537.374302309924
221.1425440991546 262.7073599443184
0.0 0.0
0.0 0.0
0.0 0.0
0.0 0.0
0.0 0.0
0.0 0.0
0.0 0.0
1
0
0
0
false
false
false
false
false
false
false
false
0
8
8
8
389
1
1
H
non-metaux
1
307.25718003001 437.374302309924
140.89070604108235 110.08586352501956
0.0 0.0
0.0 0.0
0.0 0.0
0.0 0.0
0.0 0.0
0.0 0.0
0.0 0.0
0
0
1
0
false
false
false
false
false
false
false
false
8
8
2
8
389
1
1
H
non-metaux
1
16.257180030009977 487.374302309924
96.65813642219808 196.83249553351166
0.0 0.0
0.0 0.0
0.0 0.0
0.0 0.0
0.0 0.0
0.0 0.0
0.0 0.0
0
0
0
1
false
false
false
false
false
false
false
false
8
8
8
7
389
1
1
H
non-metaux
1
211.25718003000998 537.374302309924
433.7133169055983 203.0821594316632
0.0 0.0
0.0 0.0
0.0 0.0
0.0 0.0
0.0 0.0
0.0 0.0
0.0 0.0
1
0
0
0
false
false
false
false
false
false
false
false
3
8
8
8
End