2
413
1
1
H
non-metaux
1
360.10254522908076 261.04770164837316
282.2132606086351 123.20592878779644
0.0 0.0
0.0 0.0
0.0 0.0
0.0 0.0
0.0 0.0
0.0 0.0
0.0 0.0
0
0
0
1
false
false
false
false
false
false
false
false
8
8
8
1
413
1
9
F
halogenes
7
409.10254522908076 261.04770164837316
408.10254522908076 219.04770164837316
422.10254522908076 219.04770164837316
399.10254522908076 250.04770164837316
399.10254522908076 236.04770164837316
422.10254522908076 266.04770164837316
408.10254522908076 266.04770164837316
431.10254522908076 236.04770164837316
431.10254522908076 250.04770164837316
0
1
0
0
true
true
false
false
true
true
true
true
8
0
8
8
End