2
415
1
1
H
non-metaux
1
92.0063968212124 202.85613263545278
375.36959396433554 428.44763747320525
0.0 0.0
0.0 0.0
0.0 0.0
0.0 0.0
0.0 0.0
0.0 0.0
0.0 0.0
0
1
0
0
false
false
false
false
false
false
false
false
8
1
8
8
415
1
53
I
halogenes
7
58.0063968212124 202.85613263545278
52.006396821212405 160.85613263545278
66.0063968212124 160.85613263545278
48.0063968212124 191.85613263545278
48.0063968212124 177.85613263545278
66.0063968212124 207.85613263545278
52.006396821212405 207.85613263545278
71.0063968212124 177.85613263545278
0.0 0.0
0
0
0
1
true
true
true
true
true
true
false
false
8
8
8
0
End