2
417
1
53
I
halogenes
7
264.6019310474768 158.58771808891441
258.6019310474768 116.58771808891441
272.6019310474768 116.58771808891441
254.6019310474768 147.58771808891441
254.6019310474768 133.58771808891441
272.6019310474768 163.58771808891441
258.6019310474768 163.58771808891441
277.6019310474768 133.58771808891441
0.0 0.0
0
0
0
1
true
true
true
true
true
true
false
false
8
8
8
1
417
1
53
I
halogenes
7
298.6019310474768 158.58771808891441
292.6019310474768 116.58771808891441
306.6019310474768 116.58771808891441
293.35987519093425 277.7753045340306
288.6019310474768 133.58771808891441
306.6019310474768 163.58771808891441
292.6019310474768 163.58771808891441
311.6019310474768 133.58771808891441
311.6019310474768 147.58771808891441
0
1
0
0
true
true
false
false
true
true
true
true
8
0
8
8
End