2
419
1
53
I
halogenes
7
232.14542272645386 216.20901079898147
226.14542272645386 174.20901079898147
240.14542272645386 174.20901079898147
226.38968559691722 72.91204938971009
222.14542272645386 191.20901079898147
240.14542272645386 221.20901079898147
226.14542272645386 221.20901079898147
245.14542272645386 191.20901079898147
245.14542272645386 205.20901079898147
0
1
0
0
true
true
false
false
true
true
true
true
8
1
8
8
419
1
35
Br
halogenes
7
172.14542272645386 216.20901079898147
179.14542272645386 174.20901079898147
193.14542272645386 174.20901079898147
162.14542272645386 205.20901079898147
162.14542272645386 191.20901079898147
193.14542272645386 221.20901079898147
179.14542272645386 221.20901079898147
211.14542272645386 191.20901079898147
0.0 0.0
0
0
0
1
true
true
true
true
true
true
false
false
8
8
8
0
End