2
421
1
53
I
halogenes
7
203.84761542430408 361.5697286942908
197.84761542430408 319.5697286942908
211.84761542430408 319.5697286942908
193.84761542430408 350.5697286942908
193.84761542430408 336.5697286942908
211.84761542430408 366.5697286942908
197.84761542430408 366.5697286942908
216.84761542430408 336.5697286942908
0.0 0.0
0
0
0
1
true
true
true
true
true
true
false
false
8
8
8
1
421
1
17
Cl
halogenes
7
237.84761542430408 361.5697286942908
244.84761542430408 319.5697286942908
258.8476154243041 319.5697286942908
462.0883123462438 164.0072669383149
227.84761542430408 336.5697286942908
258.8476154243041 366.5697286942908
244.84761542430408 366.5697286942908
275.8476154243041 336.5697286942908
275.8476154243041 350.5697286942908
0
1
0
0
true
true
false
false
true
true
true
true
8
0
8
8
End