4
425
1
53
I
halogenes
7
146.57771997921046 252.48946246422327
140.57771997921046 210.48946246422327
154.57771997921046 210.48946246422327
189.85171131474192 119.02795365227058
136.57771997921046 227.48946246422327
154.57771997921046 257.48946246422327
140.57771997921046 257.48946246422327
159.57771997921046 227.48946246422327
0.0 0.0
0
1
1
1
true
true
false
false
true
true
false
false
8
2
1
3
425
1
17
Cl
halogenes
7
146.57771997921046 302.48946246422327
104.45621947170977 292.4264962753897
167.57771997921046 260.48946246422327
136.57771997921046 291.48946246422327
136.57771997921046 277.48946246422327
167.57771997921046 307.48946246422327
153.57771997921046 307.48946246422327
184.57771997921046 277.48946246422327
184.57771997921046 291.48946246422327
1
0
0
0
false
false
true
true
true
true
true
true
0
8
8
8
425
1
17
Cl
halogenes
7
87.57771997921046 252.48946246422327
94.57771997921046 210.48946246422327
108.57771997921046 210.48946246422327
77.57771997921046 241.48946246422327
77.57771997921046 227.48946246422327
108.57771997921046 257.48946246422327
94.57771997921046 257.48946246422327
125.57771997921046 227.48946246422327
0.0 0.0
0
0
0
1
true
true
true
true
true
true
false
false
8
8
8
0
425
1
17
Cl
halogenes
7
180.57771997921046 252.48946246422327
187.57771997921046 210.48946246422327
201.57771997921046 210.48946246422327
255.26542936309187 360.9104889756596
170.57771997921046 227.48946246422327
201.57771997921046 257.48946246422327
187.57771997921046 257.48946246422327
218.57771997921046 227.48946246422327
218.57771997921046 241.48946246422327
0
1
0
0
true
true
false
false
true
true
true
true
8
0
8
8
End