2
429
1
53
I
halogenes
7
101.09088366846447 361.6409629483747
95.09088366846447 319.6409629483747
109.09088366846447 319.6409629483747
414.29065011208854 63.00011261681506
91.09088366846447 336.6409629483747
109.09088366846447 366.6409629483747
95.09088366846447 366.6409629483747
114.09088366846447 336.6409629483747
114.09088366846447 350.6409629483747
0
1
0
0
true
true
false
false
true
true
true
true
8
1
8
8
429
1
9
F
halogenes
7
58.09088366846447 361.6409629483747
57.09088366846447 319.6409629483747
71.09088366846447 319.6409629483747
48.09088366846447 350.6409629483747
48.09088366846447 336.6409629483747
71.09088366846447 366.6409629483747
57.09088366846447 366.6409629483747
80.09088366846447 336.6409629483747
0.0 0.0
0
0
0
1
true
true
true
true
true
true
false
false
8
8
8
0
End