13
431
1
6
C
non-metaux
4
266.3398952825039 155.9700133009881
267.3398952825039 113.97001330098809
0.0 0.0
85.94054107558087 103.84870266723753
0.0 0.0
281.3398952825039 160.9700133009881
0.0 0.0
293.3398952825039 130.9700133009881
0.0 0.0
1
2
0
1
false
false
false
false
false
false
false
false
11
2
8
12
431
1
6
C
non-metaux
4
170.3398952825039 105.97001330098809
171.3398952825039 63.970013300988086
0.0 0.0
160.3398952825039 94.97001330098809
0.0 0.0
185.3398952825039 110.97001330098809
0.0 0.0
197.3398952825039 80.97001330098809
0.0 0.0
1
1
1
1
false
false
false
false
false
false
false
false
9
6
4
10
431
1
6
C
non-metaux
4
218.3398952825039 155.9700133009881
219.3398952825039 113.97001330098809
0.0 0.0
422.1580765477574 147.61318619742713
0.0 0.0
233.3398952825039 160.9700133009881
0.0 0.0
245.3398952825039 130.9700133009881
0.0 0.0
0
1
1
2
false
false
false
false
false
false
false
false
8
4
8
0
431
1
6
C
non-metaux
4
122.3398952825039 155.9700133009881
123.3398952825039 113.97001330098809
0.0 0.0
112.3398952825039 144.9700133009881
0.0 0.0
137.3398952825039 160.9700133009881
0.0 0.0
132.8439756527734 165.24600706989563
0.0 0.0
0
1
1
2
false
false
false
false
false
false
false
false
8
5
7
4
431
1
6
C
non-metaux
4
170.3398952825039 155.9700133009881
154.8439756527734 148.24600706989563
0.0 0.0
265.3729021329144 247.0047928059962
0.0 0.0
185.3398952825039 160.9700133009881
0.0 0.0
197.3398952825039 130.9700133009881
0.0 0.0
1
2
0
1
false
false
false
false
false
false
false
false
1
3
8
2
431
1
1
H
non-metaux
1
73.3398952825039 155.9700133009881
165.38167400373487 226.9326015982578
0.0 0.0
0.0 0.0
0.0 0.0
0.0 0.0
0.0 0.0
0.0 0.0
0.0 0.0
0
0
0
1
false
false
false
false
false
false
false
false
8
8
8
3
431
1
1
H
non-metaux
1
121.3398952825039 105.97001330098809
315.93300654565985 269.14989672535273
0.0 0.0
0.0 0.0
0.0 0.0
0.0 0.0
0.0 0.0
0.0 0.0
0.0 0.0
0
0
0
1
false
false
false
false
false
false
false
false
8
8
8
1
431
1
1
H
non-metaux
1
122.3398952825039 205.9700133009881
69.02922831491627 356.53298276028124
0.0 0.0
0.0 0.0
0.0 0.0
0.0 0.0
0.0 0.0
0.0 0.0
0.0 0.0
1
0
0
0
false
false
false
false
false
false
false
false
3
8
8
8
431
1
1
H
non-metaux
1
218.3398952825039 205.9700133009881
417.8315774021167 176.89734435305672
0.0 0.0
0.0 0.0
0.0 0.0
0.0 0.0
0.0 0.0
0.0 0.0
0.0 0.0
1
0
0
0
false
false
false
false
false
false
false
false
2
8
8
8
431
1
1
H
non-metaux
1
170.3398952825039 55.970013300988086
441.1086627742485 62.334982226279976
0.0 0.0
0.0 0.0
0.0 0.0
0.0 0.0
0.0 0.0
0.0 0.0
0.0 0.0
0
0
1
0
false
false
false
false
false
false
false
false
8
8
1
8
431
1
1
H
non-metaux
1
218.3398952825039 105.97001330098809
280.95550664090007 51.193358432472806
0.0 0.0
0.0 0.0
0.0 0.0
0.0 0.0
0.0 0.0
0.0 0.0
0.0 0.0
0
1
0
0
false
false
false
false
false
false
false
false
8
1
8
8
431
1
1
H
non-metaux
1
266.3398952825039 105.97001330098809
429.91956320502857 56.79322932756425
0.0 0.0
0.0 0.0
0.0 0.0
0.0 0.0
0.0 0.0
0.0 0.0
0.0 0.0
0
0
1
0
false
false
false
false
false
false
false
false
8
8
0
8
431
1
1
H
non-metaux
1
314.3398952825039 155.9700133009881
478.727547885329 416.5255361443828
0.0 0.0
0.0 0.0
0.0 0.0
0.0 0.0
0.0 0.0
0.0 0.0
0.0 0.0
0
1
0
0
false
false
false
false
false
false
false
false
8
0
8
8
End