12
444
1
6
C
non-metaux
4
212.48114024559658 407.1463941663288
213.48114024559658 365.1463941663288
0.0 0.0
202.48114024559658 396.1463941663288
0.0 0.0
227.48114024559658 412.1463941663288
0.0 0.0
239.48114024559658 382.1463941663288
0.0 0.0
1
1
1
1
false
false
false
false
false
false
false
false
11
7
8
2
444
1
6
C
non-metaux
4
308.4811402455966 407.1463941663288
309.4811402455966 365.1463941663288
0.0 0.0
55.791529010298504 154.1103372338769
0.0 0.0
323.4811402455966 412.1463941663288
0.0 0.0
335.4811402455966 382.1463941663288
0.0 0.0
2
1
0
1
false
false
false
false
false
false
false
false
5
2
8
4
444
1
6
C
non-metaux
4
260.4811402455966 407.1463941663288
261.4811402455966 365.1463941663288
0.0 0.0
395.7224039448152 348.87936248961034
0.0 0.0
275.4811402455966 412.1463941663288
0.0 0.0
287.4811402455966 382.1463941663288
0.0 0.0
1
1
1
1
false
false
false
false
false
false
false
false
9
0
3
1
444
1
8
O
non-metaux
6
260.4811402455966 457.1463941663288
126.91574071765513 124.18968559010085
276.4811402455966 415.1463941663288
250.48114024559658 446.1463941663288
250.48114024559658 432.1463941663288
276.4811402455966 462.1463941663288
0.0 0.0
289.4811402455966 432.1463941663288
289.4811402455966 446.1463941663288
1
0
1
0
false
false
true
true
false
false
true
true
2
8
10
8
444
1
8
O
non-metaux
6
356.4811402455966 407.1463941663288
358.4811402455966 365.1463941663288
372.4811402455966 365.1463941663288
128.64185473511856 396.2099333360506
346.4811402455966 382.1463941663288
372.4811402455966 412.1463941663288
358.4811402455966 412.1463941663288
385.4811402455966 382.1463941663288
0.0 0.0
0
1
0
1
true
true
false
false
true
true
false
false
8
1
8
6
444
1
8
O
non-metaux
6
308.4811402455966 357.1463941663288
310.4811402455966 315.1463941663288
324.4811402455966 315.1463941663288
298.4811402455966 346.1463941663288
298.4811402455966 332.1463941663288
252.81272154019268 272.89962094282214
0.0 0.0
337.4811402455966 332.1463941663288
0.0 0.0
0
0
2
0
true
true
true
true
false
false
false
false
8
8
1
8
444
1
1
H
non-metaux
1
406.4811402455966 407.1463941663288
136.50441460921195 -1.9586009472354817
0.0 0.0
0.0 0.0
0.0 0.0
0.0 0.0
0.0 0.0
0.0 0.0
0.0 0.0
0
1
0
0
false
false
false
false
false
false
false
false
8
4
8
8
444
1
1
H
non-metaux
1
163.48114024559658 407.1463941663288
140.3623218172755 438.0487891239975
0.0 0.0
0.0 0.0
0.0 0.0
0.0 0.0
0.0 0.0
0.0 0.0
0.0 0.0
0
0
0
1
false
false
false
false
false
false
false
false
8
8
8
0
444
1
1
H
non-metaux
1
212.48114024559658 457.1463941663288
501.3906354893768 397.7847083874167
0.0 0.0
0.0 0.0
0.0 0.0
0.0 0.0
0.0 0.0
0.0 0.0
0.0 0.0
1
0
0
0
false
false
false
false
false
false
false
false
0
8
8
8
444
1
1
H
non-metaux
1
260.4811402455966 357.1463941663288
311.999371890406 133.4078927942368
0.0 0.0
0.0 0.0
0.0 0.0
0.0 0.0
0.0 0.0
0.0 0.0
0.0 0.0
0
0
1
0
false
false
false
false
false
false
false
false
8
8
2
8
444
1
1
H
non-metaux
1
260.4811402455966 507.1463941663288
409.0116151530178 430.3297729950738
0.0 0.0
0.0 0.0
0.0 0.0
0.0 0.0
0.0 0.0
0.0 0.0
0.0 0.0
1
0
0
0
false
false
false
false
false
false
false
false
3
8
8
8
444
1
1
H
non-metaux
1
212.48114024559658 357.1463941663288
520.412825179877 54.505543775575916
0.0 0.0
0.0 0.0
0.0 0.0
0.0 0.0
0.0 0.0
0.0 0.0
0.0 0.0
0
0
1
0
false
false
false
false
false
false
false
false
8
8
0
8
End