2
456
1
7
N
non-metaux
5
224.18924471322757 463.0043449725375
226.18924471322757 421.0043449725375
240.18924471322757 421.0043449725375
214.18924471322757 452.0043449725375
0.0 0.0
240.18924471322757 468.0043449725375
0.0 0.0
253.18924471322757 438.0043449725375
0.0 0.0
0
0
0
3
true
true
false
false
false
false
false
false
8
8
8
1
456
1
7
N
non-metaux
5
274.1892447132276 463.0043449725375
276.1892447132276 421.0043449725375
290.1892447132276 421.0043449725375
273.34249117874816 426.70981737098464
0.0 0.0
290.1892447132276 468.0043449725375
0.0 0.0
303.1892447132276 438.0043449725375
0.0 0.0
0
3
0
0
true
true
false
false
false
false
false
false
8
0
8
8
End