6
458
1
7
N
non-metaux
5
297.7579994944607 427.0861510993167
299.7579994944607 385.0861510993167
313.7579994944607 385.0861510993167
436.1825418335235 279.9666963000301
0.0 0.0
313.7579994944607 432.0861510993167
0.0 0.0
326.7579994944607 402.0861510993167
0.0 0.0
0
1
1
1
true
true
false
false
false
false
false
false
8
1
5
2
458
1
7
N
non-metaux
5
247.7579994944607 427.0861510993167
249.7579994944607 385.0861510993167
263.7579994944607 385.0861510993167
237.7579994944607 416.0861510993167
0.0 0.0
263.7579994944607 432.0861510993167
0.0 0.0
276.7579994944607 402.0861510993167
0.0 0.0
0
1
1
1
true
true
false
false
false
false
false
false
8
3
4
0
458
1
1
H
non-metaux
1
347.7579994944607 427.0861510993167
511.9640765830154 422.86968104089556
0.0 0.0
0.0 0.0
0.0 0.0
0.0 0.0
0.0 0.0
0.0 0.0
0.0 0.0
0
1
0
0
false
false
false
false
false
false
false
false
8
0
8
8
458
1
1
H
non-metaux
1
198.7579994944607 427.0861510993167
208.7545458716353 255.4026491500441
0.0 0.0
0.0 0.0
0.0 0.0
0.0 0.0
0.0 0.0
0.0 0.0
0.0 0.0
0
0
0
1
false
false
false
false
false
false
false
false
8
8
8
1
458
1
1
H
non-metaux
1
247.7579994944607 477.0861510993167
84.99336573273747 92.14629538774727
0.0 0.0
0.0 0.0
0.0 0.0
0.0 0.0
0.0 0.0
0.0 0.0
0.0 0.0
1
0
0
0
false
false
false
false
false
false
false
false
1
8
8
8
458
1
1
H
non-metaux
1
297.7579994944607 477.0861510993167
330.6568722053914 193.21110609690584
0.0 0.0
0.0 0.0
0.0 0.0
0.0 0.0
0.0 0.0
0.0 0.0
0.0 0.0
1
0
0
0
false
false
false
false
false
false
false
false
0
8
8
8
End