4
464
1
7
N
non-metaux
5
205.092937442176 247.22292058939206
207.092937442176 205.22292058939206
221.092937442176 205.22292058939206
500.1254987208541 120.21080544432365
0.0 0.0
221.092937442176 252.22292058939206
0.0 0.0
234.092937442176 222.22292058939206
0.0 0.0
0
1
1
1
true
true
false
false
false
false
false
false
8
2
3
1
464
1
17
Cl
halogenes
7
255.092937442176 247.22292058939206
262.092937442176 205.22292058939206
276.092937442176 205.22292058939206
89.83424079512857 107.34917068799857
245.092937442176 222.22292058939206
276.092937442176 252.22292058939206
262.092937442176 252.22292058939206
293.092937442176 222.22292058939206
293.092937442176 236.22292058939206
0
1
0
0
true
true
false
false
true
true
true
true
8
0
8
8
464
1
17
Cl
halogenes
7
146.092937442176 247.22292058939206
153.092937442176 205.22292058939206
167.092937442176 205.22292058939206
136.092937442176 236.22292058939206
136.092937442176 222.22292058939206
167.092937442176 252.22292058939206
153.092937442176 252.22292058939206
184.092937442176 222.22292058939206
0.0 0.0
0
0
0
1
true
true
true
true
true
true
false
false
8
8
8
0
464
1
17
Cl
halogenes
7
205.092937442176 297.22292058939206
170.14513520748133 450.63913452343013
226.092937442176 255.22292058939206
195.092937442176 286.22292058939206
195.092937442176 272.22292058939206
226.092937442176 302.22292058939206
212.092937442176 302.22292058939206
243.092937442176 272.22292058939206
243.092937442176 286.22292058939206
1
0
0
0
false
false
true
true
true
true
true
true
0
8
8
8
End