4
468
1
7
N
non-metaux
5
183.6104764496097 151.27094131027775
185.6104764496097 109.27094131027775
199.6104764496097 109.27094131027775
259.9893774101305 29.038522706324656
0.0 0.0
199.6104764496097 156.27094131027775
0.0 0.0
212.6104764496097 126.27094131027775
0.0 0.0
0
1
1
1
true
true
false
false
false
false
false
false
8
3
2
1
468
1
9
F
halogenes
7
233.6104764496097 151.27094131027775
232.6104764496097 109.27094131027775
246.6104764496097 109.27094131027775
278.61718630785833 171.53058613532107
223.6104764496097 126.27094131027775
246.6104764496097 156.27094131027775
232.6104764496097 156.27094131027775
255.6104764496097 126.27094131027775
255.6104764496097 140.27094131027775
0
1
0
0
true
true
false
false
true
true
true
true
8
0
8
8
468
1
9
F
halogenes
7
183.6104764496097 201.27094131027775
407.0759155466157 64.38176831148824
196.6104764496097 159.27094131027775
173.6104764496097 190.27094131027775
173.6104764496097 176.27094131027775
196.6104764496097 206.27094131027775
182.6104764496097 206.27094131027775
205.6104764496097 176.27094131027775
205.6104764496097 190.27094131027775
1
0
0
0
false
false
true
true
true
true
true
true
0
8
8
8
468
1
9
F
halogenes
7
140.6104764496097 151.27094131027775
139.6104764496097 109.27094131027775
153.6104764496097 109.27094131027775
130.6104764496097 140.27094131027775
130.6104764496097 126.27094131027775
153.6104764496097 156.27094131027775
139.6104764496097 156.27094131027775
162.6104764496097 126.27094131027775
0.0 0.0
0
0
0
1
true
true
true
true
true
true
false
false
8
8
8
0
End