4
472
1
7
N
non-metaux
5
226.09260523063244 411.93931911506576
228.09260523063244 369.93931911506576
242.09260523063244 369.93931911506576
216.09260523063244 400.93931911506576
0.0 0.0
354.04351889219043 416.4579392804665
0.0 0.0
255.09260523063244 386.93931911506576
0.0 0.0
0
1
1
1
true
true
false
false
false
false
false
false
8
1
2
3
472
1
1
H
non-metaux
1
177.09260523063244 411.93931911506576
267.98962613428205 147.41736506549427
0.0 0.0
0.0 0.0
0.0 0.0
0.0 0.0
0.0 0.0
0.0 0.0
0.0 0.0
0
0
0
1
false
false
false
false
false
false
false
false
8
8
8
0
472
1
1
H
non-metaux
1
226.09260523063244 461.93931911506576
228.09260523063244 419.93931911506576
0.0 0.0
0.0 0.0
0.0 0.0
0.0 0.0
0.0 0.0
0.0 0.0
0.0 0.0
1
0
0
0
false
false
false
false
false
false
false
false
0
8
8
8
472
1
1
H
non-metaux
1
276.09260523063244 411.93931911506576
173.8548113909436 260.5795183643836
0.0 0.0
0.0 0.0
0.0 0.0
0.0 0.0
0.0 0.0
0.0 0.0
0.0 0.0
0
1
0
0
false
false
false
false
false
false
false
false
8
0
8
8
End