2
480
1
7
N
non-metaux
5
289.34862877838117 210.13422230078413
291.34862877838117 168.13422230078413
305.34862877838117 168.13422230078413
279.34862877838117 199.13422230078413
0.0 0.0
305.34862877838117 215.13422230078413
0.0 0.0
318.34862877838117 185.13422230078413
0.0 0.0
0
2
0
0
true
true
false
false
false
false
true
false
8
1
8
8
480
1
8
O
non-metaux
6
239.34862877838117 210.13422230078413
241.34862877838117 168.13422230078413
255.34862877838117 168.13422230078413
229.34862877838117 199.13422230078413
229.34862877838117 185.13422230078413
255.34862877838117 215.13422230078413
0.0 0.0
205.6492616783356 216.76357650365665
0.0 0.0
0
0
0
2
true
true
true
true
false
false
false
false
8
8
8
0
End