2
478
1
8
O
non-metaux
6
183.10371142165246 369.7590230450062
185.10371142165246 327.7590230450062
199.10371142165246 327.7590230450062
173.10371142165246 358.7590230450062
173.10371142165246 344.7590230450062
199.10371142165246 374.7590230450062
0.0 0.0
212.10371142165246 344.7590230450062
0.0 0.0
0
0
0
2
true
true
true
true
false
false
false
false
8
8
8
1
478
1
8
O
non-metaux
6
233.10371142165246 369.7590230450062
235.10371142165246 327.7590230450062
249.10371142165246 327.7590230450062
325.4822053434881 165.82613115346646
223.10371142165246 344.7590230450062
249.10371142165246 374.7590230450062
0.0 0.0
262.10371142165246 344.7590230450062
262.10371142165246 358.7590230450062
0
2
0
0
true
true
false
false
false
false
true
true
8
0
8
8
End