6
482
1
6
C
non-metaux
4
311.27232436517045 179.2704751024297
312.27232436517045 137.2704751024297
0.0 0.0
478.17854980406014 178.9256000823611
0.0 0.0
326.27232436517045 184.2704751024297
0.0 0.0
338.27232436517045 154.2704751024297
0.0 0.0
0
1
1
2
false
false
false
false
false
false
false
false
8
1
3
5
482
1
6
C
non-metaux
4
263.27232436517045 179.2704751024297
264.27232436517045 137.2704751024297
0.0 0.0
253.27232436517045 168.2704751024297
0.0 0.0
278.27232436517045 184.2704751024297
0.0 0.0
290.27232436517045 154.2704751024297
0.0 0.0
1
2
0
1
false
false
false
false
false
false
false
false
2
4
8
0
482
1
17
Cl
halogenes
7
263.27232436517045 129.2704751024297
270.27232436517045 87.27047510242971
284.27232436517045 87.27047510242971
253.27232436517045 118.27047510242971
253.27232436517045 104.27047510242971
130.9499167200552 197.36516132216758
270.27232436517045 134.2704751024297
301.27232436517045 104.27047510242971
301.27232436517045 118.27047510242971
0
0
1
0
true
true
true
true
false
false
true
true
8
8
1
8
482
1
17
Cl
halogenes
7
311.27232436517045 229.2704751024297
426.2081855667632 219.14969161907686
332.27232436517045 187.2704751024297
301.27232436517045 218.2704751024297
301.27232436517045 204.2704751024297
332.27232436517045 234.2704751024297
318.27232436517045 234.2704751024297
349.27232436517045 204.2704751024297
349.27232436517045 218.2704751024297
1
0
0
0
false
false
true
true
true
true
true
true
0
8
8
8
482
1
8
O
non-metaux
6
213.27232436517045 179.2704751024297
215.27232436517045 137.2704751024297
229.27232436517045 137.2704751024297
203.27232436517045 168.2704751024297
203.27232436517045 154.2704751024297
229.27232436517045 184.2704751024297
0.0 0.0
364.8100452571727 276.3843657309494
0.0 0.0
0
0
0
2
true
true
true
true
false
false
false
false
8
8
8
1
482
1
8
O
non-metaux
6
359.27232436517045 179.2704751024297
361.27232436517045 137.2704751024297
375.27232436517045 137.2704751024297
498.90567313814284 319.73493975690684
349.27232436517045 154.2704751024297
375.27232436517045 184.2704751024297
0.0 0.0
388.27232436517045 154.2704751024297
388.27232436517045 168.2704751024297
0
2
0
0
true
true
false
false
false
false
true
true
8
0
8
8
End