5
488
1
15
P
non-metaux
5
113.62011046911303 255.90526511083578
112.62011046911303 213.9052651108358
126.62011046911303 213.9052651108358
103.62011046911303 244.9052651108358
0.0 0.0
126.62011046911303 260.9052651108358
112.62011046911303 260.9052651108358
135.62011046911303 230.9052651108358
0.0 0.0
2
0
0
1
false
false
false
false
true
true
false
false
4
8
8
2
488
1
15
P
non-metaux
5
206.62011046911303 255.90526511083578
205.62011046911303 213.90526511083578
219.62011046911303 213.90526511083578
233.76939560975282 130.47457484914463
0.0 0.0
219.62011046911303 260.9052651108358
0.0 0.0
228.62011046911303 230.9052651108358
0.0 0.0
0
1
2
0
true
true
false
false
false
false
false
false
8
2
3
8
488
1
8
O
non-metaux
6
156.62011046911303 255.90526511083578
158.62011046911303 213.90526511083578
172.62011046911303 213.90526511083578
185.71687529411636 226.45644582359768
146.62011046911303 230.9052651108358
172.62011046911303 260.9052651108358
158.62011046911303 260.9052651108358
185.62011046911303 230.9052651108358
0.0 0.0
0
1
0
1
true
true
false
false
true
true
false
false
8
0
8
1
488
1
8
O
non-metaux
6
206.62011046911303 305.9052651108358
141.92873462939014 307.48149485957515
222.62011046911303 263.9052651108358
196.62011046911303 294.9052651108358
196.62011046911303 280.9052651108358
222.62011046911303 310.9052651108358
208.62011046911303 310.9052651108358
235.62011046911303 280.9052651108358
0.0 0.0
2
0
0
0
false
false
true
true
true
true
false
false
1
8
8
8
488
1
8
O
non-metaux
6
113.62011046911303 205.90526511083578
115.62011046911303 163.90526511083578
129.62011046911303 163.90526511083578
103.62011046911303 194.90526511083578
103.62011046911303 180.90526511083578
517.5095689179948 190.47314272926823
0.0 0.0
142.62011046911303 180.9052651108358
0.0 0.0
0
0
2
0
true
true
true
true
false
false
false
false
8
8
0
8
End