7
488
1
15
P
non-metaux
5
150.5768825066798 350.01342879786887
112.62011046911303 213.9052651108358
126.62011046911303 213.9052651108358
103.62011046911303 244.9052651108358
0.0 0.0
126.62011046911303 260.9052651108358
149.5768825066798 355.01342879786887
135.62011046911303 230.9052651108358
0.0 0.0
2
0
2
1
false
false
false
false
false
false
false
false
4
8
6
2
488
1
15
P
non-metaux
5
243.5768825066798 350.01342879786887
242.5768825066798 308.01342879786887
256.5768825066798 308.01342879786887
233.76939560975282 130.47457484914463
0.0 0.0
219.62011046911303 260.9052651108358
0.0 0.0
228.62011046911303 230.9052651108358
0.0 0.0
2
1
2
0
false
false
false
false
false
false
false
false
5
2
3
8
488
1
8
O
non-metaux
6
193.5768825066798 350.01342879786887
195.5768825066798 308.01342879786887
209.5768825066798 308.01342879786887
185.71687529411636 226.45644582359768
146.62011046911303 230.9052651108358
209.5768825066798 355.01342879786887
195.5768825066798 355.01342879786887
185.62011046911303 230.9052651108358
0.0 0.0
0
1
0
1
true
true
false
false
true
true
false
false
8
0
8
1
488
1
8
O
non-metaux
6
243.5768825066798 400.01342879786887
141.92873462939014 307.48149485957515
222.62011046911303 263.9052651108358
233.5768825066798 389.01342879786887
233.5768825066798 375.01342879786887
259.5768825066798 405.01342879786887
245.5768825066798 405.01342879786887
272.5768825066798 375.01342879786887
0.0 0.0
2
0
0
0
false
false
true
true
true
true
false
false
1
8
8
8
488
1
8
O
non-metaux
6
150.5768825066798 300.01342879786887
152.5768825066798 258.01342879786887
166.5768825066798 258.01342879786887
140.5768825066798 289.01342879786887
140.5768825066798 275.01342879786887
517.5095689179948 190.47314272926823
0.0 0.0
142.62011046911303 180.9052651108358
0.0 0.0
0
0
2
0
true
true
true
true
false
false
false
false
8
8
0
8
488
1
8
O
non-metaux
6
243.5768825066798 300.01342879786887
245.5768825066798 258.01342879786887
259.5768825066798 258.01342879786887
233.5768825066798 289.01342879786887
233.5768825066798 275.01342879786887
85.549332101895 480.6686498343755
0.0 0.0
272.5768825066798 275.01342879786887
0.0 0.0
0
0
2
0
true
true
true
true
false
false
false
false
8
8
1
8
488
1
8
O
non-metaux
6
150.5768825066798 400.01342879786887
152.5768825066798 358.01342879786887
166.5768825066798 358.01342879786887
140.5768825066798 389.01342879786887
140.5768825066798 375.01342879786887
166.5768825066798 405.01342879786887
152.5768825066798 405.01342879786887
179.5768825066798 375.01342879786887
0.0 0.0
2
0
0
0
false
false
true
true
true
true
false
false
0
8
8
8
End