4
495
1
15
P
non-metaux
5
301.79633389512287 380.3992658258378
300.79633389512287 338.3992658258378
314.79633389512287 338.3992658258378
120.3143471516421 502.40758890880375
0.0 0.0
314.79633389512287 385.3992658258378
0.0 0.0
323.79633389512287 355.3992658258378
0.0 0.0
0
1
1
1
true
true
false
false
false
false
false
false
8
1
2
3
495
1
35
Br
halogenes
7
241.79633389512287 380.3992658258378
248.79633389512287 338.3992658258378
262.79633389512287 338.3992658258378
231.79633389512287 369.3992658258378
231.79633389512287 355.3992658258378
262.79633389512287 385.3992658258378
248.79633389512287 385.3992658258378
280.79633389512287 355.3992658258378
0.0 0.0
0
0
0
1
true
true
true
true
true
true
false
false
8
8
8
0
495
1
35
Br
halogenes
7
301.79633389512287 430.3992658258378
460.32041195698787 429.6679201571959
322.79633389512287 388.3992658258378
291.79633389512287 419.3992658258378
291.79633389512287 405.3992658258378
322.79633389512287 435.3992658258378
308.79633389512287 435.3992658258378
340.79633389512287 405.3992658258378
340.79633389512287 419.3992658258378
1
0
0
0
false
false
true
true
true
true
true
true
0
8
8
8
495
1
35
Br
halogenes
7
344.79633389512287 380.3992658258378
351.79633389512287 338.3992658258378
365.79633389512287 338.3992658258378
418.83356100368894 262.4936848245559
334.79633389512287 355.3992658258378
365.79633389512287 385.3992658258378
351.79633389512287 385.3992658258378
383.79633389512287 355.3992658258378
383.79633389512287 369.3992658258378
0
1
0
0
true
true
false
false
true
true
true
true
8
0
8
8
End