4
499
1
15
P
non-metaux
5
313.7329498032306 159.50061655625578
312.7329498032306 117.50061655625578
326.7329498032306 117.50061655625578
303.7329498032306 148.50061655625578
0.0 0.0
326.7329498032306 164.50061655625578
0.0 0.0
335.7329498032306 134.50061655625578
0.0 0.0
0
1
1
1
true
true
false
false
false
false
false
false
8
2
3
1
499
1
17
Cl
halogenes
7
356.7329498032306 159.50061655625578
363.7329498032306 117.50061655625578
377.7329498032306 117.50061655625578
365.88654081473004 217.4985527662672
346.7329498032306 134.50061655625578
377.7329498032306 164.50061655625578
363.7329498032306 164.50061655625578
394.7329498032306 134.50061655625578
394.7329498032306 148.50061655625578
0
1
0
0
true
true
false
false
true
true
true
true
8
0
8
8
499
1
17
Cl
halogenes
7
254.7329498032306 159.50061655625578
261.7329498032306 117.50061655625578
275.7329498032306 117.50061655625578
244.7329498032306 148.50061655625578
244.7329498032306 134.50061655625578
275.7329498032306 164.50061655625578
261.7329498032306 164.50061655625578
142.58008803894387 296.0150383660461
0.0 0.0
0
0
0
1
true
true
true
true
true
true
false
false
8
8
8
0
499
1
17
Cl
halogenes
7
313.7329498032306 209.50061655625578
210.37017901785 378.49423825914124
334.7329498032306 167.50061655625578
303.7329498032306 198.50061655625578
303.7329498032306 184.50061655625578
334.7329498032306 214.50061655625578
320.7329498032306 214.50061655625578
351.7329498032306 184.50061655625578
351.7329498032306 198.50061655625578
1
0
0
0
false
false
true
true
true
true
true
true
0
8
8
8
End