17
521
1
6
C
non-metaux
4
203.96404742916394 280.8861128561215
204.96404742916394 238.88611285612149
0.0 0.0
189.60198463420932 154.0385676122855
0.0 0.0
218.96404742916394 285.8861128561215
0.0 0.0
230.96404742916394 255.88611285612149
0.0 0.0
1
1
1
1
false
false
false
false
false
false
false
false
16
1
8
2
521
1
6
C
non-metaux
4
155.96404742916394 280.8861128561215
156.96404742916394 238.88611285612149
0.0 0.0
62.85071609782085 195.6213303155227
0.0 0.0
170.96404742916394 285.8861128561215
0.0 0.0
182.96404742916394 255.88611285612149
0.0 0.0
1
1
1
1
false
false
false
false
false
false
false
false
11
4
10
0
521
1
6
C
non-metaux
4
251.96404742916394 280.8861128561215
252.96404742916394 238.88611285612149
0.0 0.0
266.47773580122714 176.29625580433003
0.0 0.0
266.96404742916394 285.8861128561215
0.0 0.0
278.96404742916394 255.88611285612149
0.0 0.0
1
1
1
1
false
false
false
false
false
false
false
false
15
0
6
3
521
1
6
C
non-metaux
4
299.96404742916394 280.8861128561215
300.96404742916394 238.88611285612149
0.0 0.0
313.7410412464861 428.28884152542594
0.0 0.0
314.96404742916394 285.8861128561215
0.0 0.0
326.96404742916394 255.88611285612149
0.0 0.0
1
1
1
1
false
false
false
false
false
false
false
false
14
2
7
9
521
1
6
C
non-metaux
4
107.96404742916394 280.8861128561215
108.96404742916394 238.88611285612149
0.0 0.0
97.96404742916394 269.8861128561215
0.0 0.0
122.96404742916394 285.8861128561215
0.0 0.0
134.96404742916394 255.88611285612149
0.0 0.0
1
1
1
1
false
false
false
false
false
false
false
false
12
13
5
1
521
1
1
H
non-metaux
1
107.96404742916394 330.8861128561215
200.9772497252489 374.31216840977766
0.0 0.0
0.0 0.0
0.0 0.0
0.0 0.0
0.0 0.0
0.0 0.0
0.0 0.0
1
0
0
0
false
false
false
false
false
false
false
false
4
8
8
8
521
1
1
H
non-metaux
1
251.96404742916394 330.8861128561215
428.69397970328066 310.8822116781844
0.0 0.0
0.0 0.0
0.0 0.0
0.0 0.0
0.0 0.0
0.0 0.0
0.0 0.0
1
0
0
0
false
false
false
false
false
false
false
false
2
8
8
8
521
1
1
H
non-metaux
1
299.96404742916394 330.8861128561215
494.87094306952383 321.2063520638435
0.0 0.0
0.0 0.0
0.0 0.0
0.0 0.0
0.0 0.0
0.0 0.0
0.0 0.0
1
0
0
0
false
false
false
false
false
false
false
false
3
8
8
8
521
1
1
H
non-metaux
1
203.96404742916394 330.8861128561215
67.7842460841361 421.15127338598484
0.0 0.0
0.0 0.0
0.0 0.0
0.0 0.0
0.0 0.0
0.0 0.0
0.0 0.0
1
0
0
0
false
false
false
false
false
false
false
false
0
8
8
8
521
1
1
H
non-metaux
1
347.96404742916394 280.8861128561215
471.1393398328698 29.938208057731742
0.0 0.0
0.0 0.0
0.0 0.0
0.0 0.0
0.0 0.0
0.0 0.0
0.0 0.0
0
1
0
0
false
false
false
false
false
false
false
false
8
3
8
8
521
1
1
H
non-metaux
1
155.96404742916394 330.8861128561215
206.56763706407963 306.7141229341002
0.0 0.0
0.0 0.0
0.0 0.0
0.0 0.0
0.0 0.0
0.0 0.0
0.0 0.0
1
0
0
0
false
false
false
false
false
false
false
false
1
8
8
8
521
1
1
H
non-metaux
1
155.96404742916394 230.88611285612149
52.2624232442148 100.51534938870691
0.0 0.0
0.0 0.0
0.0 0.0
0.0 0.0
0.0 0.0
0.0 0.0
0.0 0.0
0
0
1
0
false
false
false
false
false
false
false
false
8
8
1
8
521
1
1
H
non-metaux
1
107.96404742916394 230.88611285612149
255.3249067799415 138.6219226807384
0.0 0.0
0.0 0.0
0.0 0.0
0.0 0.0
0.0 0.0
0.0 0.0
0.0 0.0
0
0
1
0
false
false
false
false
false
false
false
false
8
8
4
8
521
1
1
H
non-metaux
1
58.96404742916394 280.8861128561215
138.70674052303235 337.8366993626588
0.0 0.0
0.0 0.0
0.0 0.0
0.0 0.0
0.0 0.0
0.0 0.0
0.0 0.0
0
0
0
1
false
false
false
false
false
false
false
false
8
8
8
4
521
1
1
H
non-metaux
1
299.96404742916394 230.88611285612149
213.50747341237013 5.134161420672562
0.0 0.0
0.0 0.0
0.0 0.0
0.0 0.0
0.0 0.0
0.0 0.0
0.0 0.0
0
0
1
0
false
false
false
false
false
false
false
false
8
8
3
8
521
1
1
H
non-metaux
1
251.96404742916394 230.88611285612149
184.7776100296884 65.3064100685579
0.0 0.0
0.0 0.0
0.0 0.0
0.0 0.0
0.0 0.0
0.0 0.0
0.0 0.0
0
0
1
0
false
false
false
false
false
false
false
false
8
8
2
8
521
1
1
H
non-metaux
1
203.96404742916394 230.88611285612149
331.8151967647191 88.57451206755121
0.0 0.0
0.0 0.0
0.0 0.0
0.0 0.0
0.0 0.0
0.0 0.0
0.0 0.0
0
0
1
0
false
false
false
false
false
false
false
false
8
8
0
8
End