9
538
1
6
C
non-metaux
4
156.05587255115228 189.49252905656718
157.05587255115228 147.49252905656718
0.0 0.0
146.05587255115228 178.49252905656718
0.0 0.0
171.05587255115228 194.49252905656718
0.0 0.0
183.05587255115228 164.49252905656718
0.0 0.0
1
1
1
1
false
false
false
false
false
false
false
false
6
8
7
1
538
1
6
C
non-metaux
4
204.05587255115228 189.49252905656718
205.05587255115228 147.49252905656718
0.0 0.0
265.5402099296208 170.59488150895686
0.0 0.0
219.05587255115228 194.49252905656718
0.0 0.0
231.05587255115228 164.49252905656718
0.0 0.0
2
1
0
1
false
false
false
false
false
false
false
false
2
0
8
4
538
1
8
O
non-metaux
6
204.05587255115228 139.49252905656718
206.05587255115228 97.49252905656718
220.05587255115228 97.49252905656718
194.05587255115228 128.49252905656718
194.05587255115228 114.49252905656718
85.56079129101218 112.85205344457113
0.0 0.0
233.05587255115228 114.49252905656718
0.0 0.0
0
0
2
0
true
true
true
true
false
false
false
false
8
8
1
8
538
1
8
O
non-metaux
6
302.0558725511523 189.49252905656718
304.0558725511523 147.49252905656718
318.0558725511523 147.49252905656718
213.86872779452125 401.5545685526567
292.0558725511523 164.49252905656718
318.0558725511523 194.49252905656718
304.0558725511523 194.49252905656718
331.0558725511523 164.49252905656718
0.0 0.0
0
1
0
1
true
true
false
false
true
true
false
false
8
4
8
5
538
1
8
O
non-metaux
6
252.05587255115228 189.49252905656718
254.05587255115228 147.49252905656718
268.0558725511523 147.49252905656718
321.75026746640776 229.4399126933696
242.05587255115228 164.49252905656718
268.0558725511523 194.49252905656718
254.05587255115228 194.49252905656718
281.0558725511523 164.49252905656718
0.0 0.0
0
1
0
1
true
true
false
false
true
true
false
false
8
1
8
3
538
1
1
H
non-metaux
1
352.0558725511523 189.49252905656718
129.75764188583892 350.13316344984355
0.0 0.0
0.0 0.0
0.0 0.0
0.0 0.0
0.0 0.0
0.0 0.0
0.0 0.0
0
1
0
0
false
false
false
false
false
false
false
false
8
3
8
8
538
1
1
H
non-metaux
1
156.05587255115228 139.49252905656718
102.83611454026318 71.50947540644745
0.0 0.0
0.0 0.0
0.0 0.0
0.0 0.0
0.0 0.0
0.0 0.0
0.0 0.0
0
0
1
0
false
false
false
false
false
false
false
false
8
8
0
8
538
1
1
H
non-metaux
1
156.05587255115228 239.49252905656718
477.8993003303291 393.4924523328883
0.0 0.0
0.0 0.0
0.0 0.0
0.0 0.0
0.0 0.0
0.0 0.0
0.0 0.0
1
0
0
0
false
false
false
false
false
false
false
false
0
8
8
8
538
1
1
H
non-metaux
1
107.05587255115228 189.49252905656718
63.50391569068732 220.95543379148762
0.0 0.0
0.0 0.0
0.0 0.0
0.0 0.0
0.0 0.0
0.0 0.0
0.0 0.0
0
0
0
1
false
false
false
false
false
false
false
false
8
8
8
0
End