4
547
1
15
P
non-metaux
5
145.11076019968706 204.42932712224413
144.11076019968706 162.42932712224413
158.11076019968706 162.42932712224413
135.11076019968706 193.42932712224413
0.0 0.0
158.11076019968706 209.42932712224413
0.0 0.0
167.11076019968706 179.42932712224413
0.0 0.0
0
1
1
1
true
true
false
false
false
false
false
false
8
3
1
2
547
1
1
H
non-metaux
1
145.11076019968706 254.42932712224413
389.80678159906523 101.07901934216804
0.0 0.0
0.0 0.0
0.0 0.0
0.0 0.0
0.0 0.0
0.0 0.0
0.0 0.0
1
0
0
0
false
false
false
false
false
false
false
false
0
8
8
8
547
1
1
H
non-metaux
1
188.11076019968706 204.42932712224413
272.86984597250745 259.02257052420396
0.0 0.0
0.0 0.0
0.0 0.0
0.0 0.0
0.0 0.0
0.0 0.0
0.0 0.0
0
1
0
0
false
false
false
false
false
false
false
false
8
0
8
8
547
1
1
H
non-metaux
1
96.11076019968706 204.42932712224413
109.31522066628172 450.8794492005081
0.0 0.0
0.0 0.0
0.0 0.0
0.0 0.0
0.0 0.0
0.0 0.0
0.0 0.0
0
0
0
1
false
false
false
false
false
false
false
false
8
8
8
0
End