9
562
1
6
C
non-metaux
4
275.121450884026 296.00299538803955
276.121450884026 254.00299538803955
0.0 0.0
265.121450884026 285.00299538803955
0.0 0.0
290.121450884026 301.00299538803955
0.0 0.0
302.121450884026 271.00299538803955
0.0 0.0
1
1
0
2
false
false
false
false
false
false
false
false
4
8
8
1
562
1
6
C
non-metaux
4
323.121450884026 296.00299538803955
324.121450884026 254.00299538803955
0.0 0.0
489.8765593575686 207.9071924945084
0.0 0.0
338.121450884026 301.00299538803955
0.0 0.0
350.121450884026 271.00299538803955
0.0 0.0
1
2
0
1
false
false
false
false
false
false
false
false
6
0
8
2
562
1
6
C
non-metaux
4
371.121450884026 296.00299538803955
372.121450884026 254.00299538803955
0.0 0.0
308.8893548461924 38.8097240737623
0.0 0.0
386.121450884026 301.00299538803955
0.0 0.0
398.121450884026 271.00299538803955
0.0 0.0
1
1
1
1
false
false
false
false
false
false
false
false
5
1
7
3
562
1
1
H
non-metaux
1
419.121450884026 296.00299538803955
230.36597865910653 348.1593147594007
0.0 0.0
0.0 0.0
0.0 0.0
0.0 0.0
0.0 0.0
0.0 0.0
0.0 0.0
0
1
0
0
false
false
false
false
false
false
false
false
8
2
8
8
562
1
1
H
non-metaux
1
275.121450884026 246.00299538803955
224.41850287013915 179.29491347647158
0.0 0.0
0.0 0.0
0.0 0.0
0.0 0.0
0.0 0.0
0.0 0.0
0.0 0.0
0
0
1
0
false
false
false
false
false
false
false
false
8
8
0
8
562
1
1
H
non-metaux
1
371.121450884026 246.00299538803955
467.97226110201825 439.2100547109858
0.0 0.0
0.0 0.0
0.0 0.0
0.0 0.0
0.0 0.0
0.0 0.0
0.0 0.0
0
0
1
0
false
false
false
false
false
false
false
false
8
8
2
8
562
1
1
H
non-metaux
1
323.121450884026 246.00299538803955
459.11381657722757 177.92837367685198
0.0 0.0
0.0 0.0
0.0 0.0
0.0 0.0
0.0 0.0
0.0 0.0
0.0 0.0
0
0
1
0
false
false
false
false
false
false
false
false
8
8
1
8
562
1
1
H
non-metaux
1
371.121450884026 346.00299538803955
160.91407273922673 431.52198448541293
0.0 0.0
0.0 0.0
0.0 0.0
0.0 0.0
0.0 0.0
0.0 0.0
0.0 0.0
1
0
0
0
false
false
false
false
false
false
false
false
2
8
8
8
562
1
1
H
non-metaux
1
226.121450884026 296.00299538803955
72.9421684993172 91.80585335830716
0.0 0.0
0.0 0.0
0.0 0.0
0.0 0.0
0.0 0.0
0.0 0.0
0.0 0.0
0
0
0
1
false
false
false
false
false
false
false
false
8
8
8
0
End