11
551
1
6
C
non-metaux
4
217.3839394272959 320.036224638887
218.3839394272959 278.036224638887
0.0 0.0
404.48740676380885 304.8855148780854
0.0 0.0
232.3839394272959 325.036224638887
0.0 0.0
244.3839394272959 295.036224638887
0.0 0.0
1
1
1
1
false
false
false
false
false
false
false
false
6
2
9
1
551
1
6
C
non-metaux
4
265.3839394272959 320.036224638887
266.3839394272959 278.036224638887
0.0 0.0
205.90608659596802 156.03293030939903
0.0 0.0
280.3839394272959 325.036224638887
0.0 0.0
292.3839394272959 295.036224638887
0.0 0.0
1
1
1
1
false
false
false
false
false
false
false
false
3
0
8
7
551
1
6
C
non-metaux
4
169.3839394272959 320.036224638887
170.3839394272959 278.036224638887
0.0 0.0
159.3839394272959 309.036224638887
0.0 0.0
184.3839394272959 325.036224638887
0.0 0.0
196.3839394272959 295.036224638887
0.0 0.0
1
1
1
1
false
false
false
false
false
false
false
false
10
4
5
0
551
1
1
H
non-metaux
1
265.3839394272959 270.036224638887
338.9421558733261 155.92088417534382
0.0 0.0
0.0 0.0
0.0 0.0
0.0 0.0
0.0 0.0
0.0 0.0
0.0 0.0
0
0
1
0
false
false
false
false
false
false
false
false
8
8
1
8
551
1
1
H
non-metaux
1
120.3839394272959 320.036224638887
95.71118815576581 444.2269575010199
0.0 0.0
0.0 0.0
0.0 0.0
0.0 0.0
0.0 0.0
0.0 0.0
0.0 0.0
0
0
0
1
false
false
false
false
false
false
false
false
8
8
8
2
551
1
1
H
non-metaux
1
169.3839394272959 370.036224638887
42.78926086184106 276.9361692985477
0.0 0.0
0.0 0.0
0.0 0.0
0.0 0.0
0.0 0.0
0.0 0.0
0.0 0.0
1
0
0
0
false
false
false
false
false
false
false
false
2
8
8
8
551
1
1
H
non-metaux
1
217.3839394272959 270.036224638887
413.4083449006849 11.4860099743196
0.0 0.0
0.0 0.0
0.0 0.0
0.0 0.0
0.0 0.0
0.0 0.0
0.0 0.0
0
0
1
0
false
false
false
false
false
false
false
false
8
8
0
8
551
1
1
H
non-metaux
1
313.3839394272959 320.036224638887
400.69429823505163 337.3461615357455
0.0 0.0
0.0 0.0
0.0 0.0
0.0 0.0
0.0 0.0
0.0 0.0
0.0 0.0
0
1
0
0
false
false
false
false
false
false
false
false
8
1
8
8
551
1
1
H
non-metaux
1
265.3839394272959 370.036224638887
354.2746984759411 28.82130554995048
0.0 0.0
0.0 0.0
0.0 0.0
0.0 0.0
0.0 0.0
0.0 0.0
0.0 0.0
1
0
0
0
false
false
false
false
false
false
false
false
1
8
8
8
551
1
1
H
non-metaux
1
217.3839394272959 370.036224638887
172.18444098227874 461.0970085253479
0.0 0.0
0.0 0.0
0.0 0.0
0.0 0.0
0.0 0.0
0.0 0.0
0.0 0.0
1
0
0
0
false
false
false
false
false
false
false
false
0
8
8
8
551
1
1
H
non-metaux
1
169.3839394272959 270.036224638887
82.64758053046671 205.09449055221697
0.0 0.0
0.0 0.0
0.0 0.0
0.0 0.0
0.0 0.0
0.0 0.0
0.0 0.0
0
0
1
0
false
false
false
false
false
false
false
false
8
8
2
8
End