5
577
1
14
Si
metalloides
4
231.27660366982855 170.4077821332955
235.27660366982857 128.4077821332955
0.0 0.0
393.0299029790212 180.4581324393028
0.0 0.0
249.27660366982855 175.4077821332955
0.0 0.0
264.27660366982855 145.4077821332955
0.0 0.0
1
1
1
1
false
false
false
false
false
false
false
false
3
4
2
1
577
1
9
F
halogenes
7
285.27660366982855 170.4077821332955
284.27660366982855 128.4077821332955
298.27660366982855 128.4077821332955
416.26764330937203 375.33849628307917
275.27660366982855 145.4077821332955
298.27660366982855 175.4077821332955
284.27660366982855 175.4077821332955
307.27660366982855 145.4077821332955
307.27660366982855 159.4077821332955
0
1
0
0
true
true
false
false
true
true
true
true
8
0
8
8
577
1
9
F
halogenes
7
231.27660366982855 220.4077821332955
425.7706931991779 455.57849324439246
244.27660366982855 178.4077821332955
221.27660366982855 209.4077821332955
221.27660366982855 195.4077821332955
244.27660366982855 225.4077821332955
230.27660366982855 225.4077821332955
253.27660366982855 195.4077821332955
253.27660366982855 209.4077821332955
1
0
0
0
false
false
true
true
true
true
true
true
0
8
8
8
577
1
9
F
halogenes
7
231.27660366982855 120.40778213329551
230.27660366982855 78.40778213329551
244.27660366982855 78.40778213329551
221.27660366982855 109.40778213329551
221.27660366982855 95.40778213329551
215.49786936128828 421.33567072742505
230.27660366982857 125.40778213329551
253.27660366982855 95.40778213329551
253.27660366982855 109.40778213329551
0
0
1
0
true
true
true
true
false
false
true
true
8
8
0
8
577
1
9
F
halogenes
7
188.27660366982855 170.4077821332955
187.27660366982855 128.4077821332955
201.27660366982855 128.4077821332955
178.27660366982855 159.4077821332955
178.27660366982855 145.4077821332955
201.27660366982855 175.4077821332955
187.27660366982855 175.4077821332955
210.27660366982857 145.4077821332955
0.0 0.0
0
0
0
1
true
true
true
true
true
true
false
false
8
8
8
0
End