5
587
1
14
Si
metalloides
4
408.0187722020992 366.9433289792853
412.0187722020992 324.9433289792853
0.0 0.0
398.0187722020992 355.9433289792853
0.0 0.0
77.04305446763038 321.5744661588875
0.0 0.0
441.0187722020992 341.9433289792853
0.0 0.0
1
1
1
1
false
false
false
false
false
false
false
false
2
3
1
4
587
1
1
H
non-metaux
1
408.0187722020992 416.9433289792853
410.0187722020992 374.9433289792853
0.0 0.0
0.0 0.0
0.0 0.0
0.0 0.0
0.0 0.0
0.0 0.0
0.0 0.0
1
0
0
0
false
false
false
false
false
false
false
false
0
8
8
8
587
1
1
H
non-metaux
1
408.0187722020992 316.9433289792853
373.4036333244132 80.30185246068407
0.0 0.0
0.0 0.0
0.0 0.0
0.0 0.0
0.0 0.0
0.0 0.0
0.0 0.0
0
0
1
0
false
false
false
false
false
false
false
false
8
8
0
8
587
1
1
H
non-metaux
1
359.0187722020992 366.9433289792853
83.26615066032448 433.37584974909754
0.0 0.0
0.0 0.0
0.0 0.0
0.0 0.0
0.0 0.0
0.0 0.0
0.0 0.0
0
0
0
1
false
false
false
false
false
false
false
false
8
8
8
0
587
1
1
H
non-metaux
1
462.0187722020992 366.9433289792853
89.65296120834124 138.48007461825304
0.0 0.0
0.0 0.0
0.0 0.0
0.0 0.0
0.0 0.0
0.0 0.0
0.0 0.0
0
1
0
0
false
false
false
false
false
false
false
false
8
0
8
8
End