3
592
1
16
S
non-metaux
6
390.146998538283 256.10211555195997
389.146998538283 214.10211555195997
403.146998538283 214.10211555195997
380.146998538283 245.10211555195997
380.146998538283 231.10211555195997
403.146998538283 261.10211555195997
0.0 0.0
82.6575376473313 304.4956872082747
0.0 0.0
0
2
0
2
true
true
false
false
false
false
false
false
8
1
8
2
592
1
8
O
non-metaux
6
340.146998538283 256.10211555195997
342.146998538283 214.10211555195997
356.146998538283 214.10211555195997
330.146998538283 245.10211555195997
330.146998538283 231.10211555195997
356.146998538283 261.10211555195997
0.0 0.0
354.8876462858467 395.21114801088896
0.0 0.0
0
0
0
2
true
true
true
true
false
false
false
false
8
8
8
0
592
1
8
O
non-metaux
6
433.146998538283 256.10211555195997
435.146998538283 214.10211555195997
449.146998538283 214.10211555195997
423.146998538283 245.10211555195997
423.146998538283 231.10211555195997
449.146998538283 261.10211555195997
0.0 0.0
462.146998538283 231.10211555195997
462.146998538283 245.10211555195997
0
2
0
0
true
true
false
false
false
false
true
true
8
0
8
8
End