4
596
1
16
S
non-metaux
6
156.30337064111853 347.2267209610466
155.30337064111853 305.2267209610466
169.30337064111853 305.2267209610466
429.68068617648817 82.77938550557167
146.30337064111853 322.2267209610466
169.30337064111853 352.2267209610466
0.0 0.0
178.30337064111853 322.2267209610466
0.0 0.0
0
1
2
1
true
true
false
false
false
false
false
false
8
3
1
2
596
1
8
O
non-metaux
6
156.30337064111853 397.2267209610466
268.82903521319315 402.62320390468096
172.30337064111853 355.2267209610466
146.30337064111853 386.2267209610466
146.30337064111853 372.2267209610466
172.30337064111853 402.2267209610466
0.0 0.0
185.30337064111853 372.2267209610466
185.30337064111853 386.2267209610466
2
0
0
0
false
false
true
true
false
false
true
true
0
8
8
8
596
1
35
Br
halogenes
7
199.30337064111853 347.2267209610466
206.30337064111853 305.2267209610466
220.30337064111853 305.2267209610466
75.73848331452737 455.22574293351215
189.30337064111853 322.2267209610466
220.30337064111853 352.2267209610466
206.30337064111853 352.2267209610466
238.30337064111853 322.2267209610466
238.30337064111853 336.2267209610466
0
1
0
0
true
true
false
false
true
true
true
true
8
0
8
8
596
1
35
Br
halogenes
7
96.30337064111853 347.2267209610466
103.30337064111853 305.2267209610466
117.30337064111853 305.2267209610466
86.30337064111853 336.2267209610466
86.30337064111853 322.2267209610466
117.30337064111853 352.2267209610466
103.30337064111853 352.2267209610466
135.30337064111853 322.2267209610466
0.0 0.0
0
0
0
1
true
true
true
true
true
true
false
false
8
8
8
0
End