4
571
1
16
S
non-metaux
6
132.02177134379357 259.1777985599979
131.02177134379357 217.17779855999788
145.02177134379357 217.17779855999788
122.02177134379357 248.17779855999788
122.02177134379357 234.17779855999788
145.02177134379357 264.1777985599979
0.0 0.0
154.02177134379357 234.17779855999788
0.0 0.0
2
0
1
1
false
false
true
true
false
false
false
false
3
8
2
1
571
1
17
Cl
halogenes
7
175.02177134379357 259.1777985599979
182.02177134379357 217.17779855999788
196.02177134379357 217.17779855999788
280.69078508969994 105.60441684577103
165.02177134379357 234.17779855999788
196.02177134379357 264.1777985599979
182.02177134379357 264.1777985599979
213.02177134379357 234.17779855999788
213.02177134379357 248.17779855999788
0
1
0
0
true
true
false
false
true
true
true
true
8
0
8
8
571
1
17
Cl
halogenes
7
132.02177134379357 309.1777985599979
196.52246371823864 315.3671381532091
153.02177134379357 267.1777985599979
122.02177134379357 298.1777985599979
122.02177134379357 284.1777985599979
153.02177134379357 314.1777985599979
139.02177134379357 314.1777985599979
170.02177134379357 284.1777985599979
170.02177134379357 298.1777985599979
1
0
0
0
false
false
true
true
true
true
true
true
0
8
8
8
571
1
8
O
non-metaux
6
132.02177134379357 209.17779855999788
134.02177134379357 167.17779855999788
148.02177134379357 167.17779855999788
122.02177134379357 198.17779855999788
122.02177134379357 184.17779855999788
257.94185967177873 501.3767339573679
0.0 0.0
161.02177134379357 184.17779855999788
0.0 0.0
0
0
2
0
true
true
true
true
false
false
false
false
8
8
0
8
End