6
612
1
6
C
non-metaux
4
180.83865852129802 255.45117507085035
401.1785102012434 148.4042639485892
0.0 0.0
170.83865852129802 244.45117507085035
0.0 0.0
195.83865852129802 260.45117507085035
0.0 0.0
207.83865852129802 230.45117507085035
0.0 0.0
1
0
1
2
false
false
false
false
false
false
false
false
4
8
5
1
612
1
6
C
non-metaux
4
228.83865852129802 255.45117507085035
229.83865852129802 213.45117507085035
0.0 0.0
82.9849731494829 334.371134615637
0.0 0.0
243.83865852129802 260.45117507085035
0.0 0.0
255.83865852129802 230.45117507085035
0.0 0.0
1
2
1
0
false
false
false
false
false
false
false
false
2
0
3
8
612
1
9
F
halogenes
7
228.83865852129802 205.45117507085035
227.83865852129802 163.45117507085035
241.83865852129802 163.45117507085035
218.83865852129802 194.45117507085035
218.83865852129802 180.45117507085035
414.0260116345764 322.4663112407703
227.83865852129802 210.45117507085035
250.83865852129802 180.45117507085035
250.83865852129802 194.45117507085035
0
0
1
0
true
true
true
true
false
false
true
true
8
8
1
8
612
1
9
F
halogenes
7
228.83865852129802 305.45117507085035
208.83389276594184 408.9383497075539
241.83865852129802 263.45117507085035
218.83865852129802 294.45117507085035
218.83865852129802 280.45117507085035
241.83865852129802 310.45117507085035
227.83865852129802 310.45117507085035
250.83865852129802 280.45117507085035
250.83865852129802 294.45117507085035
1
0
0
0
false
false
true
true
true
true
true
true
1
8
8
8
612
1
9
F
halogenes
7
180.83865852129802 205.45117507085035
179.83865852129802 163.45117507085035
193.83865852129802 163.45117507085035
170.83865852129802 194.45117507085035
170.83865852129802 180.45117507085035
193.83865852129802 210.45117507085035
179.83865852129802 210.45117507085035
202.83865852129802 180.45117507085035
202.83865852129802 194.45117507085035
0
0
1
0
true
true
true
true
false
false
true
true
8
8
0
8
612
1
9
F
halogenes
7
180.83865852129802 305.45117507085035
145.1658726240347 373.12896423856483
193.83865852129802 263.45117507085035
170.83865852129802 294.45117507085035
170.83865852129802 280.45117507085035
193.83865852129802 310.45117507085035
179.83865852129802 310.45117507085035
202.83865852129802 280.45117507085035
202.83865852129802 294.45117507085035
1
0
0
0
false
false
true
true
true
true
true
true
0
8
8
8
End