17
626
1
15
P
non-metaux
5
394.04902471534473 266.06524060407014
393.04902471534473 224.06524060407014
407.04902471534473 224.06524060407014
384.04902471534473 255.06524060407014
0.0 0.0
514.6336505029177 81.17541571992705
0.0 0.0
416.04902471534473 241.06524060407014
0.0 0.0
2
1
1
1
false
false
false
false
false
false
false
false
1
4
2
3
626
1
8
O
non-metaux
6
394.04902471534473 216.06524060407014
396.04902471534473 174.06524060407014
410.04902471534473 174.06524060407014
384.04902471534473 205.06524060407014
384.04902471534473 191.06524060407014
223.31292692219378 429.1897887024958
0.0 0.0
423.04902471534473 191.06524060407014
0.0 0.0
0
0
2
0
true
true
true
true
false
false
false
false
8
8
0
8
626
1
8
O
non-metaux
6
394.04902471534473 316.06524060407014
396.04902471534473 274.06524060407014
410.04902471534473 274.06524060407014
384.04902471534473 305.06524060407014
384.04902471534473 291.06524060407014
410.04902471534473 321.06524060407014
0.0 0.0
423.04902471534473 291.06524060407014
423.04902471534473 305.06524060407014
1
0
1
0
false
false
true
true
false
false
true
true
0
8
5
8
626
1
8
O
non-metaux
6
437.04902471534473 266.06524060407014
439.04902471534473 224.06524060407014
453.04902471534473 224.06524060407014
462.64710923023625 435.52608750505976
427.04902471534473 241.06524060407014
453.04902471534473 271.06524060407014
439.04902471534473 271.06524060407014
466.04902471534473 241.06524060407014
0.0 0.0
0
1
0
1
true
true
false
false
true
true
false
false
8
0
8
6
626
1
8
O
non-metaux
6
344.04902471534473 266.06524060407014
346.04902471534473 224.06524060407014
360.04902471534473 224.06524060407014
334.04902471534473 255.06524060407014
334.04902471534473 241.06524060407014
360.04902471534473 271.06524060407014
346.04902471534473 271.06524060407014
82.98961261335526 486.99257885115975
0.0 0.0
0
1
0
1
true
true
false
false
true
true
false
false
8
7
8
0
626
1
6
C
non-metaux
4
394.04902471534473 366.06524060407014
238.72861431190074 141.69265577559273
0.0 0.0
384.04902471534473 355.06524060407014
0.0 0.0
409.04902471534473 371.06524060407014
0.0 0.0
421.04902471534473 341.06524060407014
0.0 0.0
1
1
1
1
false
false
false
false
false
false
false
false
2
16
13
11
626
1
6
C
non-metaux
4
487.04902471534473 266.06524060407014
488.04902471534473 224.06524060407014
0.0 0.0
278.75836378538986 387.49356185229016
0.0 0.0
502.04902471534473 271.06524060407014
0.0 0.0
514.0490247153448 241.06524060407014
0.0 0.0
1
1
1
1
false
false
false
false
false
false
false
false
10
3
15
12
626
1
6
C
non-metaux
4
296.04902471534473 266.06524060407014
297.04902471534473 224.06524060407014
0.0 0.0
286.04902471534473 255.06524060407014
0.0 0.0
311.04902471534473 271.06524060407014
0.0 0.0
76.84975663359621 119.51044808125187
0.0 0.0
1
1
1
1
false
false
false
false
false
false
false
false
9
8
14
4
626
1
1
H
non-metaux
1
247.04902471534473 266.06524060407014
188.05048897195783 270.6343967332659
0.0 0.0
0.0 0.0
0.0 0.0
0.0 0.0
0.0 0.0
0.0 0.0
0.0 0.0
0
0
0
1
false
false
false
false
false
false
false
false
8
8
8
7
626
1
1
H
non-metaux
1
296.04902471534473 216.06524060407014
459.5947596579589 122.66212876270652
0.0 0.0
0.0 0.0
0.0 0.0
0.0 0.0
0.0 0.0
0.0 0.0
0.0 0.0
0
0
1
0
false
false
false
false
false
false
false
false
8
8
7
8
626
1
1
H
non-metaux
1
487.04902471534473 216.06524060407014
299.8737540926909 71.23933862891926
0.0 0.0
0.0 0.0
0.0 0.0
0.0 0.0
0.0 0.0
0.0 0.0
0.0 0.0
0
0
1
0
false
false
false
false
false
false
false
false
8
8
6
8
626
1
1
H
non-metaux
1
442.04902471534473 366.06524060407014
227.90655839045266 103.42011911967128
0.0 0.0
0.0 0.0
0.0 0.0
0.0 0.0
0.0 0.0
0.0 0.0
0.0 0.0
0
1
0
0
false
false
false
false
false
false
false
false
8
5
8
8
626
1
1
H
non-metaux
1
535.0490247153448 266.06524060407014
354.98706241247675 388.533193497263
0.0 0.0
0.0 0.0
0.0 0.0
0.0 0.0
0.0 0.0
0.0 0.0
0.0 0.0
0
1
0
0
false
false
false
false
false
false
false
false
8
6
8
8
626
1
1
H
non-metaux
1
394.04902471534473 416.06524060407014
82.29331569530599 117.05928671047491
0.0 0.0
0.0 0.0
0.0 0.0
0.0 0.0
0.0 0.0
0.0 0.0
0.0 0.0
1
0
0
0
false
false
false
false
false
false
false
false
5
8
8
8
626
1
1
H
non-metaux
1
296.04902471534473 316.06524060407014
164.34749063981468 184.09052663392706
0.0 0.0
0.0 0.0
0.0 0.0
0.0 0.0
0.0 0.0
0.0 0.0
0.0 0.0
1
0
0
0
false
false
false
false
false
false
false
false
7
8
8
8
626
1
1
H
non-metaux
1
487.04902471534473 316.06524060407014
316.8388403440687 445.4462400000951
0.0 0.0
0.0 0.0
0.0 0.0
0.0 0.0
0.0 0.0
0.0 0.0
0.0 0.0
1
0
0
0
false
false
false
false
false
false
false
false
6
8
8
8
626
1
1
H
non-metaux
1
345.04902471534473 366.06524060407014
101.29645234972165 229.25410402508317
0.0 0.0
0.0 0.0
0.0 0.0
0.0 0.0
0.0 0.0
0.0 0.0
0.0 0.0
0
0
0
1
false
false
false
false
false
false
false
false
8
8
8
5
End