8
643
1
6
C
non-metaux
4
138.07045491962785 240.2252003036686
139.07045491962785 198.2252003036686
0.0 0.0
220.53288961671709 456.000736257668
0.0 0.0
153.07045491962785 245.2252003036686
0.0 0.0
165.07045491962785 215.2252003036686
0.0 0.0
2
1
0
1
false
false
false
false
false
false
false
false
1
3
8
2
643
1
8
O
non-metaux
6
138.07045491962785 190.2252003036686
140.07045491962785 148.2252003036686
154.07045491962785 148.2252003036686
128.07045491962785 179.2252003036686
128.07045491962785 165.2252003036686
299.8781378847799 88.4925166644918
0.0 0.0
167.07045491962785 165.2252003036686
0.0 0.0
0
0
2
0
true
true
true
true
false
false
false
false
8
8
0
8
643
1
7
N
non-metaux
5
186.07045491962785 240.2252003036686
188.07045491962785 198.2252003036686
202.07045491962785 198.2252003036686
113.18185030572744 146.8376470975748
0.0 0.0
202.07045491962785 245.2252003036686
0.0 0.0
215.07045491962785 215.2252003036686
0.0 0.0
0
1
1
1
true
true
false
false
false
false
false
false
8
0
4
6
643
1
7
N
non-metaux
5
88.07045491962785 240.2252003036686
90.07045491962785 198.2252003036686
104.07045491962785 198.2252003036686
78.07045491962785 229.2252003036686
0.0 0.0
89.19297671883943 119.82026694772365
0.0 0.0
117.07045491962785 215.2252003036686
0.0 0.0
0
1
1
1
true
true
false
false
false
false
false
false
8
7
5
0
643
1
1
H
non-metaux
1
186.07045491962785 290.2252003036686
273.88794997836413 372.45696254887605
0.0 0.0
0.0 0.0
0.0 0.0
0.0 0.0
0.0 0.0
0.0 0.0
0.0 0.0
1
0
0
0
false
false
false
false
false
false
false
false
2
8
8
8
643
1
1
H
non-metaux
1
88.07045491962785 290.2252003036686
90.07045491962785 248.2252003036686
0.0 0.0
0.0 0.0
0.0 0.0
0.0 0.0
0.0 0.0
0.0 0.0
0.0 0.0
1
0
0
0
false
false
false
false
false
false
false
false
3
8
8
8
643
1
1
H
non-metaux
1
236.07045491962785 240.2252003036686
400.57406077976987 173.36120168545443
0.0 0.0
0.0 0.0
0.0 0.0
0.0 0.0
0.0 0.0
0.0 0.0
0.0 0.0
0
1
0
0
false
false
false
false
false
false
false
false
8
2
8
8
643
1
1
H
non-metaux
1
39.07045491962785 240.2252003036686
434.44550397399064 435.19804433558306
0.0 0.0
0.0 0.0
0.0 0.0
0.0 0.0
0.0 0.0
0.0 0.0
0.0 0.0
0
0
0
1
false
false
false
false
false
false
false
false
8
8
8
3
End