6
651
1
6
C
non-metaux
4
405.83452431125056 280.1966561167707
406.83452431125056 238.19665611677073
0.0 0.0
395.83452431125056 269.1966561167707
0.0 0.0
420.83452431125056 285.1966561167707
0.0 0.0
432.83452431125056 255.19665611677073
0.0 0.0
1
2
1
0
false
false
false
false
false
false
false
false
5
1
2
8
651
1
6
C
non-metaux
4
357.83452431125056 280.1966561167707
358.83452431125056 238.19665611677073
0.0 0.0
347.83452431125056 269.1966561167707
0.0 0.0
372.83452431125056 285.1966561167707
0.0 0.0
509.4351588082178 62.98558268185708
0.0 0.0
1
0
1
2
false
false
false
false
false
false
false
false
3
8
4
0
651
1
1
H
non-metaux
1
405.83452431125056 330.1966561167707
68.95523457960635 370.38084556533977
0.0 0.0
0.0 0.0
0.0 0.0
0.0 0.0
0.0 0.0
0.0 0.0
0.0 0.0
1
0
0
0
false
false
false
false
false
false
false
false
0
8
8
8
651
1
1
H
non-metaux
1
357.83452431125056 230.19665611677073
130.53496840629498 139.70665173257476
0.0 0.0
0.0 0.0
0.0 0.0
0.0 0.0
0.0 0.0
0.0 0.0
0.0 0.0
0
0
1
0
false
false
false
false
false
false
false
false
8
8
1
8
651
1
1
H
non-metaux
1
357.83452431125056 330.1966561167707
47.573435811405076 104.26441075196664
0.0 0.0
0.0 0.0
0.0 0.0
0.0 0.0
0.0 0.0
0.0 0.0
0.0 0.0
1
0
0
0
false
false
false
false
false
false
false
false
1
8
8
8
651
1
17
Cl
halogenes
7
405.83452431125056 230.19665611677073
412.83452431125056 188.19665611677073
426.83452431125056 188.19665611677073
395.83452431125056 219.19665611677073
395.83452431125056 205.19665611677073
477.10929591180485 495.66017518434865
412.83452431125056 235.19665611677073
443.83452431125056 205.19665611677073
443.83452431125056 219.19665611677073
0
0
1
0
true
true
true
true
false
false
true
true
8
8
0
8
End